3710
1145
9474
26471
11118
442257
696
100130988
3122
10892
3120
9071
3127
3559
11116
83737
407977
547
267014
29113
267016
267017
1460
51062
352961
11181
2914
717
387122
1797
9374
5460
1493
23569
84991
7128
730070
4234
64375
5341
474354
554251
79970
646702
6565
2315
6311
84547
921
55584
923
1380
2065
259308
55328
199
6821
10538
147409
8449
10125
253018
4282
449493
4280
79722
8935
3575
221527
55423
389203
9526
1234
1235
1236
3586
5820
100189529
8518
100271203
9844
5771
150280
23095
259197
4758
780
6774
6775
5573
3092
640
3123
644020
430
7132
8741
2294
25780
100271271
353002
8341
5133
353006
23242
22979
23534
81606
3516
394254
387103
3899
115352
10919
10318
388011
7292
346171
4276
7297
639
4279
11262
267015
121260
7148
135656
114904
965
1997
344462
6753
3687
969
3684
5796
57176
2516
1512
63940
3630
6891
6890
100133941
55876
57713
26191
100130889
2741
2743
3009
8870
147
414777
2135
440836
11170
10461
3702
4795
152100
1285
7332
4439
3118
3117
3116
4914
942
3112
148867
356
355
83648
7185
399716
100131609
167826
22925
1786
60468
5078
5747
80737
80736
10340
400223
401250
100189469
57827
1773
23
78994
131368
5376
7054
10665
10666
723961
389715
387046
115509
678
286016
3481
54207
8635
677
3135
23274
200734
11277
3132
246778
8740
5594
394263
29121
7253
100293534
3569
164832
10554
5696
55024
344423
55937
10320
64288
169792
352997
116935
100270827
3309
399
6148
5491
53832
4803
7917
6665
919
1656
5966
6583
23498
3663
54899
56984
170679
1134
11120
645950
440387
353011
57661
359758
843
3394
841
26147
8897
56244
79692
3119
387117
139716
54536
3593
56169
80862
100271600
629
100189539
7919
7918
6605
283598
80760
6927
100270925
10255
7916
10558
7412
80069
55315
1504
27120
3087
2113
5788
6366
25865
375616
53347
349158
160365
64135
190
1594
10019
1591
3075
64332
8477
3172
6048
2213
868
54806
5428
221584
55384
4295
51646
720
721
54414
100129192
285834
7936
54665
729816
5211
4277
6941
283165
3304
4008
958
3305
3109
3106
3107
8859
8320
22898
326
3976
65125
100271063
150221
150223
449492
116379
26797
90355
50943
7100
81797
117289
84769
1041
100130756
57705
84162
9517
7741
80018
29777
4855
6231