3107
5176
23046
760
8022
23592
5745
7227
60681
8540
5479
7058
1836
4148
51752
7056
25949
23657
4982
10660
10584
3977
267015
28962
400867
3837
142680
1311
121340
50964
6399
7040
10682
10683
7124
390283
64175
100270956
3248
149233
7253
2316
8878
344423
10758
415
54510
8707
3844
2254
4488
8483
2778
57539
169792
120227
8600
864
1482
6452
8443
7038
9658
284274
200728
5251
4041
205327
4049
196527
652411
1513
2263
2260
64840
9469
5966
2074
10133
952
8200
9842
4758
4055
1387
4750
6777
51059
2261
7421
54829
50506
1299
3593
9241
9533
79574
79577
351143
100271278
10678
79659
2200
8820
9401
2688
405753
501
7291
4276
10312
84572
9451
1594
1435
6528
389136
7080
100507436
59341
1186
860
1184
9755
25978
2697
2693
2692
10491
2690
150538
2737
132884
1161
139285
22918
8074
729816
64327
6949
5728
2132
5352
2131
10085
100169835
3239
5191
5727
871
1298
4591
2033
51082
8675
1758
7474
1297
1278
147
4313
391282
207
5167
4318
1277
3339
81794
392255
8792
389434
2121
1280
5447
8481
79158
100129584
57192
4853