5176
9241
760
9533
8022
23592
5745
7227
6528
60681
8540
5479
2200
1836
4148
9401
64327
1186
8820
1299
2688
28962
139285
405753
7291
1311
121340
10312
50964
389434
7040
10682
10683
3339
2260
7080
6399
10491
7253
2316
860
415
2697
2254
4488
2692
1513
2690
2778
1278
2737
132884
79659
169792
5447
8600
9451
1482
6949
6452
8443
7038
5728
2132
4041
2131
1161
3239
5191
5727
871
1298
4591
2033
51082
3977
2263
64175
64840
9469
1297
2074
57539
4313
207
7474
8200
1277
9842
81794
392255
8792
5352
2121
1387
1280
4750
2693
6777
59341
8481
2261
50506
4853