215
2717
2592
6834
2653
5190
5476
5660
5193
6609
10020
8504
285362
1738
4538
5824
5828
4537
540
5236
1585
1373
9409
348
5860
4864
5836
2584
10157
2581
1352
2629
1355
3073
3074
340024
2184
95
2998
5264
5428
5261
3242
1629
5189
51
2997
410
411
2517
2731
538
593
594
10165
57192
275
6898
5224
6389
5053
2542
10577
5256
4728
5255
5195
5091
5092
2548
5191
5354
4723
5192
79158
51204
4598
875
427
5160
5162
84572
2582
2720
443
5009
2760
445
55670
383
4541
4540
26503
4508
5257
4758
5830
4535
5194
2670
1471
3251
4952
374291
435
51128