374654
2580
1141
8622
10452
8301
5654
285362
85300
5824
7305
3122
3251
1946
10895
64231
540
29119
341
348
23607
54805
5144
51205
1495
9179
8022
27074
64374
5308
7957
80036
5264
6792
5261
6658
54840
343641
56922
1822
2147
6310
9570
410
411
6314
25814
129880
926
4973
593
5189
594
55737
274
275
6389
2542
4287
5091
5092
2548
84286
443
147081
5009
51338
23666
80184
2934
2760
253782
445
1330
383
100048912
285513
27429
4758
785
2043
4815
2041
25978
6507
23064
5828
4952
10228
435
9846
114134
401884
4905
56997
7345
5621
23636
10020
9108
57674
8195
7157
2563
2562
2565
1585
2688
10913
84059
3897
25902
9131
2584
2582
2581
166336
1352
84572
1355
1861
23431
374291
340024
23435
120892
95
255928
85453
130013
84100
1629
2896
5224
8934
5819
4864
2517
8938
2512
56652
2737
2731
747
10165
64321
644150
3064
6898
23189
2571
5053
123016
338399
1191
91147
875
9811
6101
22954
3184
400591
10939
157708
4598
4524
55212
9445
114798
6263
9049
5354
4508
5836
4668
154881
5830
1282
945
8912
1471
1476
351
5194
55670
4035
54903
5173
215
2717
2653
23209
5476
100128646
92949
5071
10347
203238
84660
100270961
5582
5583
5626
146057
7054
27072
6326
1373
6323
2153
4862
1378
646583
80025
54209
4336
10528
83943
11277
23271
162540
23036
2554
6712
2998
170302
59
3565
3242
51
2997
3708
79738
2259
65018
538
2778
57465
132789
57192
4137
6908
79809
283226
5256
4728
5255
4724
55129
450234
344558
4723
254428
6311
146227
51204
427
585
582
583
3748
1738
1137
952
1135
144165
241
4541
4540
9640
846
81615
51057
378884
5080
8893
8892
8891
8890
2670
2395
1008
1006
79054
51435
8504
2592
6834
2921
454
5663
5660
9037
23400
5664
6609
2566
337880
27241
26503
4538
1636
1981
4535
4536
4537
5236
339761
8820
56979
9409
5860
66037
10404
10157
63976
2629
3073
3074
2184
9627
728299
25793
100271506
6403
5428
1181
51128
338567
55145
2692
729075
442524
114327
55103
54664
9451
23345
5521
79031
3736
10577
6622
100129583
6346
5195
950
26766
1967
5191
5190
5193
5192
26058
643680
57111
55775
65125
339263
5932
5160
5162
8398
773
2720
80704
11315
9211
7473
5257
166379
3786
3785
90627
3662
472
6335
79158
6239
477
4854
3198