3920
340596
677828
4048
65264
3717
503648
100128390
22808
10512
131118
2099
51305
7306
2212
1946
10895
728299
255738
8658
64848
341
120114
29113
267016
348
2243
1909
352961
84439
23768
1308
5144
387122
2702
6444
7046
6442
8622
392374
7048
646583
5308
5593
1829
2316
1824
345895
55109
728553
4878
2147
4978
55997
100127911
4973
3827
286144
595
337880
6597
81832
284217
2890
6387
170690
23302
6389
253018
7247
7369
4280
100271434
5932
343727
490
8882
340198
520
368
441525
55036
55742
2261
2266
23007
100130239
79660
3586
8048
2934
1330
23414
7021
100048912
153090
100271596
7905
1837
137814
780
2043
4815
783
5573
1723
7709
79614
57057
25871
241
84898
128611
2161
2160
91624
3759
10142
347273
54984
56899
3753
54880
3757
4540
4633
4634
653163
4638
353007
10021
2200
6031
143098
7092
100270844
57674
3458
2565
859
387101
25771
7414
66037
79188
1495
63951
25817
9509
4276
2581
79750
463
98
3728
267015
5654
94
4838
10743
4524
79934
143872
57172
83478
22882
8938
80271
390345
4088
4089
5294
10008
27072
55973
5054
401470
64321
6899
285829
5351
5350
3431
100130889
6101
100270983
3184
400591
266722
5921
157708
55172
29761
151126
1278
4311
80896
9445
347704
51741
1277
6736
710
339829
1284
4018
1281
948
1282
387882
10866
1289
282996
387119
7405
1471
3988
351
57158
23022
7547
91461
3106
51314
217
10060
2717
23209
1952
2657
7112
283652
11245
54805
56979
401492
203238
1832
100270961
5583
5629
100147745
6640
1071
84159
6324
2153
1674
23294
23293
51778
287
80310
3762
7804
7809
80036
10529
673
3135
9709
4035
56996
1756
283849
11278
65125
29994
8870
59
149233
3565
4646
8701
57608
3845
55759
144638
9037
6654
4893
170680
116935
55521
132789
7139
1482
88
6901
9992
7134
7137
4205
49855
5318
6262
6263
6261
6662
7917
51196
55133
401237
64446
23171
51205
83544
2070
11285
3667
9722
285600
3662
170679
3741
3152
55801
55800
4624
4625
4626
4541
4629
353010
353011
7273
27019
51438
84722
83417
729992
51422
814
79192
1008
23389
54535
7428
154215
129684
80862
3595
339761
2921
9531
100131893
5663
1874
114036
79822
5664
7015
10255
4340
11155
128609
4538
1636
100130537
4535
182
183
652
5781
8613
123872
26031
659
1879
10151
2626
25903
25902
8777
58504
3781
5894
153339
3077
100271444
4607
11235
100271506
6403
7168
5340
3784
221421
27436
2218
28951
51128
2022
2697
6148
51530
10400
729075
54986
79659
285834
889
9452
729816
23522
11216
9960
6943
92579
100270908
11173
91653
27063
375056
6346
4000
26766
3107
284252
121536
2006
1290
85366
51320
28
775
168455
771
4094
50945
113189
84441
153020
57118
340351
8557
70
4040
22822
10371
3782
1804
78987
125972
90627
85397
8997
5444
472
6335
7468
6330
6331
201456
100147818
169044
221692
4854
4853
1767
4851
83605