374654
2580
1141
8622
10452
8301
5654
285362
85300
2521
5824
7305
3122
3251
1946
10895
64231
540
29119
26580
348
23607
6403
5144
998
51205
22920
1495
9179
147081
8022
27074
64374
5308
7957
7443
5264
6792
79970
5261
6658
54840
343641
56922
400403
1822
2147
6310
9570
410
411
6314
25814
129880
926
4973
593
5189
594
55737
3778
274
275
56832
6389
2542
4287
5091
5092
2548
84286
443
81622
367
5009
51338
23666
80184
2934
2760
1330
445
253782
383
100048912
285513
27429
4758
785
2043
130013
2041
25978
6507
23064
5828
4952
10228
435
112476
9846
2617
6647
401884
84894
4905
56997
7345
5621
23636
10020
9108
57674
8195
7157
2563
2562
2565
7098
2566
2688
10913
7415
3897
341
25902
9131
2584
2582
2581
166336
1352
84572
1355
1861
23431
374291
340024
23435
120892
95
255928
85453
4815
59341
84100
29978
1629
2896
5224
8934
5819
4864
2517
8938
2512
56652
2737
2731
747
10165
64321
27072
644150
3064
6898
23189
2571
5053
1814
4524
123016
338399
1191
91147
875
9811
6101
22954
2741
400591
2743
10939
157708
4598
170302
55212
9445
1008
114798
6263
9049
5354
4508
5836
4668
154881
5830
1282
945
8912
7074
1471
1476
351
5194
55670
4035
23025
54903
5173
114134
215
2717
2653
23209
57449
5476
100128646
54805
92949
5071
10347
203238
84660
3184
100270961
5582
5583
5626
146057
9896
7054
203228
6326
1373
6323
2153
4862
1378
283
646583
80025
54209
4336
80036
10528
83943
11277
23271
162540
23036
2554
6712
2998
7473
59
3565
3242
51
2997
3708
79738
2259
65018
538
2778
6606
57465
5664
132789
57192
57194
4137
4204
6908
79809
283226
5256
4728
5255
4724
55129
450234
344558
4723
254428
84059
6311
146227
51204
427
585
582
583
3748
10133
1137
952
1135
144165
241
4541
4540
9640
3508
846
81615
51057
378884
5080
8893
8892
8891
8890
2670
2395
1639
1006
79054
54822
57679
8504
2592
6834
2921
454
5663
5660
9037
23400
6607
6609
1585
66037
337880
27241
26503
4538
1738
1636
1981
4535
4536
4537
5236
4744
339761
8820
56979
9409
5860
7337
10404
10157
63976
2629
3073
3074
2184
23230
9627
728299
25793
100271506
7080
5428
1181
51128
338567
55145
155061
2692
729075
442524
114327
55103
54664
9451
23345
5521
79031
3736
10577
6622
100129583
7132
6346
5195
950
26766
1967
5191
5190
5193
5192
26058
643680
57111
55775
65125
339263
5932
5160
5162
55277
8398
773
2720
80704
51435
11315
9211
9217
5257
166379
1804
3786
3785
90627
3662
472
6335
79158
6239
477
4854
3198