3717
7128
3911
100271520
7227
728010
159296
3554
3127
55765
400867
2859
999
673
6447
5462
167826
3132
1499
7048
100271063
149233
5307
4485
57609
85415
2778
27030
5395
147
5157
23308
5606
150962
2308
4046
3579
3586
3575
3577
51750
57511
221416
140717
2668
64170
127281
6581
2768
3663
8209
8204
54546
55722
23252
343727
100271596
219771
2042
3394
79695
4292
5979
643503
7422
100129306
9555
54535
1001
3593
2615
2294
7850
4436
1908
2835
11221
2805
1738
653437
644540
3458
657
652
650
3084
375616
639
466
7486
54361
1910
2956
3172
26585
2212
728615
402569
400935
220959
862
4522
4072
257177
55892
8667
4088
4089
120376
5290
401475
4763
55876
6550
1811
8764
4512
9966
1611
8927
327
324
4595
120400
8929
4092
8771
391282
207
10171
146198
5734
8313
11315
9923
56946
1601
124626
57154