374654
3920
55343
27286
4023
5820
5824
5828
344
3857
3854
28976
3852
3853
3850
3998
348
3858
51062
5961
6094
6794
2318
6658
2316
2314
6654
2312
55997
10804
5913
59341
81839
3664
120227
56052
190
3679
275
4653
4552
3674
2542
26154
80208
80207
2548
51114
2108
26258
2263
2260
2261
2266
64421
80184
9526
57477
124590
9289
79955
57502
57057
2165
57167
2161
2160
2162
2617
9733
10142
242
54880
1908
3295
3291
10020
3293
857
859
6204
6201
84059
653361
2683
112817
84572
10564
95
94
147912
378884
5184
1629
5189
64324
5224
90167
148738
3859
157570
132884
747
6891
6890
3064
6899
6898
5354
5352
5351
5350
91147
5456
1758
1756
388552
1278
79628
4313
5289
79783
257397
23503
1277
8242
8243
5538
284382
1285
1287
1286
1281
1280
1289
91662
1471
1476
23020
339210
686
1302
114548
1308
6559
27042
8546
8540
24
7454
5582
2592
7450
4593
5624
7592
5621
1371
1373
23111
3939
126410
3931
3930
55624
5995
5994
10195
5993
6716
6712
6710
9907
6229
6657
6535
3845
3849
3848
51074
65266
4728
6662
6663
84871
4723
11281
51204
64840
11285
5376
3748
4548
55800
4624
4625
4626
4627
4541
4540
3918
249
4547
166336
27063
2273
3691
10908
79947
9126
9241
9129
9533
4436
178
641339
175
4538
4539
4942
3690
4535
4536
4537
4948
341640
182
183
9401
186
185
2110
9409
404672
2623
2626
10157
10159
10397
1910
3284
6330
138050
189
5830
3141
860
2022
2697
84062
84061
2693
10491
2690
54982
5213
10577
10479
3236
24140
10084
5194
3239
5191
5190
5193
5192
118813
3988
8842
8929
8074
775
2629
773
779
778
7102
2979
70
6862
57817
5447
79158
79152
1760
51314
1767
83605
1140
4306
1144
1145
8625
8626
5897
8622
215
123606
9622
1545
540
546
547
6338
50964
6446
6444
6445
6442
6443
4239
64175
6448
7443
6569
11023
89781
343641
345895
410
411
412
25814
129880
1387
3827
3949
4214
11200
8443
8320
8322
268
4281
4286
4287
4126
4125
443
368
55036
367
7536
5009
2760
1509
65217
22999
23414
383
445
23418
4758
4750
6777
6770
50617
5871
5972
6218
9968
3759
1075
3614
3753
2290
3757
2294
4633
4634
116442
55812
2200
2203
90411
10913
56606
27329
6683
6687
7291
9509
2582
2581
7299
10312
2588
1861
3728
7846
7841
7840
4838
4935
6299
84100
6295
4524
4522
4688
4689
2109
6197
81857
26121
2516
2517
139189
2736
2737
2639
2731
10002
5573
10165
10008
2632
57096
64327
57094
9180
5053
641
54875
79840
875
871
6223
2035
4591
2033
4595
125972
4598
10483
2038
493753
10466
4952
6389
10461
7337
4221
440138
30061
5195
54903
1258
762
760
1785
1786
5476
122042
7117
10210
285489
3329
3043
10083
5479
79147
347733
7050
7051
1778
5373
1675
675
672
673
51324
2998
3039
2990
51
2997
8701
79738
37
538
6452
8139
6901
9990
9992
9997
6908
6519
55135
6514
23171
10021
427
1259
3815
127534
4117
144165
8450
23314
130557
653509
51057
27019
2978
4292
149998
7421
23389
50506
7546
7547
56169
117581
6606
6607
6609
6165
27241
2010
54332
4069
4747
5784
55640
5781
65109
5860
405753
166379
2182
4487
2187
229
2184
25794
4607
2189
224
57192
2218
51128
7287
9459
3736
3735
3730
6341
6340
4519
2132
2131
4512
4513
4514
81846
4204
57165
9420
200576
85366
85365
5160
5162
10075
2720
113189
60675
9197
5048
22948
9215
1807
1806
3786
56946
3784
3785
3423
3420
3425
6335
9517
9516
2006
6331
4990
4854
6231
10516
285362
7306
3251
668
3257
255738
80331
10585
54507
8905
919
1798
142680
26839
710
7045
7046
7040
1497
388698
7048
91056
5265
5264
5261
5307
84233
6591
593
594
1080
1121
1123
11136
3145
201163
78987
493856
3028
79728
525
29914
8988
1406
8517
79667
4210
8048
8518
4359
6935
23095
4351
23545
23096
55129
11005
55120
6507
36
35
34
23064
1536
1244
3098
435
91624
5836
338
335
338376
65055
8195
6439
9640
342808
114182
7414
3892
7552
3897
7555
116519
6611
374291
340024
4771
843
255928
4072
5818
55651
56652
55975
768206
51422
5148
57716
6103
6102
6101
6100
5146
10939
51151
57539
5145
57531
3708
3702
284119
4508
339829
4669
948
4914
139363
2538
2539
26260
57158
80781
57152
5173
2717
9203
2653
2652
2719
2657
7957
7389
116085
121512
5077
1832
3798
1834
146057
2155
4983
6324
2018
2153
10743
2159
6329
5921
10528
83943
1829
1959
3561
7319
7253
22845
3242
203859
10594
825
346007
4488
6567
6855
169792
7139
1482
5498
7036
7038
80025
7134
7137
2068
5251
1717
5257
9382
5255
5317
5314
9570
146227
83544
585
582
583
8754
8200
1134
11127
136647
4507
29929
79053
4261
8504
1340
8291
8292
5979
8241
7490
657
22954
3084
25861
3081
2121
3872
5892
5894
5896
8573
23230
11234
11235
3887
55065
221421
16
19
27032
3889
27034
60681
28956
7405
92211
55145
7401
3909
23345
4763
9380
84839
145226
4166
389434
4000
2812
9896
9897
51082
324
65125
29954
204
207
2615
81794
392255
2332
2334
2235
6135
4867
26353
359775
7249
3655
4864
5176
4901
80144
2664
26277
2244
2245
64093
2243
7391
7390
5063
2705
2707
2706
7399
7168
120
64072
10683
64374
84140
1828
54840
1824
7439
2147
6310
2799
128674
6314
4976
53940
5395
9094
3373
10128
83959
7369
3476
5091
5092
5095
5096
7248
9782
84733
128178
6440
2668
54657
54658
7021
7020
3315
388939
1837
137814
785
1641
1643
1729
83394
1723
8813
254065
6496
3000
79659
1589
7092
6326
7157
1586
643418
1584
1585
2157
79188
2055
10661
284654
8106
338917
1352
23133
1355
462
6521
7486
6524
6528
5654
11141
2895
2158
783
2892
1103
1513
91869
3868
4088
4089
3861
3860
91949
8565
256471
5889
1896
23224
5728
123016
5727
50846
55172
170302
7474
7476
286077
959
3914
55212
55215
114798
4920
6736
4792
26580
5837
51251
154881
4154
5831
4010
4015
4014
7504
356
355
7507
55775
950
55670
7508
3981
9927
55505
212
213
210
6125
6121
2138
10117
6640
100132286
51778
287
286
3762
57698
121340
3481
265
269
56997
3643
26119
3640
6010
6311
1893
6014
6017
2492
4647
2395
2259
2254
2253
2778
5158
988
24148
4893
55636
9499
57190
57194
5660
7879
9496
79809
4803
6262
79803
5167
64446
57514
2176
2177
2175
2073
2072
2071
2074
5017
3265
9313
80326
64218
847
7273
7276
841
8898
5080
2670
54820
8557
147381
6834
488
10555
5339
7015
10558
10559
1738
1634
347344
1636
5236
1736
8820
84342
84343
123872
100505503
2815
375298
2178
728458
79087
1594
3073
3074
3075
1593
3077
2956
7080
1027
5429
5428
1184
1029
1028
1180
1747
158866
1741
6495
79796
1161
4247
1201
1200
1203
5649
5521
6949
2584
59344
92579
30813
8481
6708
146059
40
8671
6337
8675
1292
1293
1290
1291
1296
1294
8398
50945
50943
23218
5318
30008
118429
5256
26503
26504
4041
6469
4853
5631
472
50939
25836
3040
7849
25839
7466
50937