374654
8626
4803
123606
1910
3655
6949
5820
1545
9289
5824
5828
80144
7840
26277
3854
57514
3852
3853
54507
64093
3858
51062
2072
7051
2705
2657
7399
26839
120
84733
7046
64072
128178
4239
367
10683
7048
5784
5264
1829
6299
11023
2316
1824
2314
6654
2312
5307
2068
128674
55997
10804
1387
3827
6591
81839
4214
136647
190
3679
4653
4552
8320
3476
26154
4286
80208
7249
7248
368
55036
2263
2260
2261
8988
2668
9516
8517
80184
124590
8518
23414
7021
7020
4359
23095
1837
137814
338917
1641
11005
4750
5573
1723
139189
641
5979
286077
57057
4952
3265
2617
6495
10142
3753
242
54880
65055
3868
1908
3295
3293
2200
1589
7092
8195
3315
1586
859
1584
342808
10913
84059
3892
10585
6683
3897
4204
547
7291
9509
4281
7849
10564
7846
94
4838
1643
5184
84100
26580
4524
4522
5818
55651
81857
2516
157570
412
2736
2737
132884
4088
6770
3861
147912
64327
8565
6899
1896
5728
5354
79840
5351
57716
91147
5727
22954
50846
2033
5921
55172
170302
7476
57539
79628
4313
55212
23503
23111
1277
3084
123016
6736
8243
8241
4792
2121
1287
1286
1281
1280
5830
50937
4914
4010
1289
5195
7507
54820
55670
339210
80781
7508
54903
9927
3759
55505
1302
1308
1785
1786
27042
122042
2138
3329
10083
121512
5077
1832
79147
3798
1834
347733
3643
7050
5376
6640
1778
2697
643418
2018
10743
4867
287
3762
57698
126410
3481
64324
673
65217
3757
265
1293
6716
10117
269
268
1959
51324
3640
9907
2492
4647
6657
8701
4487
3845
1294
3849
3848
80326
2254
4488
345895
1278
988
4893
55636
22948
129880
1482
3914
8139
6901
57194
54332
9990
27063
7879
9496
79809
5318
1717
6662
6663
55135
5317
64446
79738
2073
83544
2071
64840
11285
2074
3664
585
582
583
8200
4548
144165
4624
4626
4627
3918
9313
4920
23314
51057
27019
8898
2253
224
5080
51422
23389
10908
7546
7547
147381
56169
8504
9126
9241
117581
5048
9533
5339
7015
10558
27241
3691
7490
4747
8820
341640
1736
182
55640
9401
5781
123872
9409
404672
1285
2626
3872
166379
79188
5894
10397
9197
9622
3284
11235
2334
3887
25861
5429
221421
16
6687
860
2218
3889
1028
6452
7337
2022
7405
1747
7401
4089
79955
6496
1161
284654
3728
3909
5649
59341
26353
59344
339829
3735
92579
3730
9992
3236
79659
4000
3239
5191
5190
5193
5192
118813
9896
9897
81846
51082
57165
1292
9420
65125
1291
8929
775
207
50945
113189
1290
493856
60675
81794
70
392255
6262
57190
6862
9215
6469
2332
78987
3784
5447
5631
7466
8481
9517
25836
6330
6331
4990
79152
51314
4853
1767
83605