100131609
5176
9071
9474
56244
23592
7917
259308
10340
10516
5479
11118
696
100130988
1773
23
3122
3123
3120
3127
3559
10665
25780
267014
267015
267016
389715
387046
352961
115509
121340
717
387122
1797
673
3135
200734
1493
23569
7128
3132
6448
401089
394263
4734
2990
1656
100293534
6654
164832
729627
2799
3845
411
84547
55024
1380
344423
55937
10320
3569
64288
4893
3687
221527
100270827
3309
10125
4282
4041
79722
60681
919
368
90355
730070
64175
11285
100189529
5966
6583
1235
3663
54899
57176
170679
11120
645950
4627
353011
23545
259197
57661
780
3394
26147
6775
286016
3092
78994
387117
83648
121260
100129192
629
100189539
2294
7918
8341
5133
7916
11221
2200
23534
474354
3516
394254
3899
5781
100130756
2113
3106
6366
115352
375616
7292
9509
4277
4276
639
30008
2588
5894
29113
91
7148
135656
7332
2213
138050
4439
728615
1997
344462
221584
3118
3373
3684
3117
720
721
10919
79692
10491
10318
285834
54665
63940
349158
3113
729816
11181
3425
5211
6941
283165
958
57713
4920
5352
5351
640
26191
875
871
7741
326
3009
8870
389203
1290
150221
1294
1278
414777
2720
113189
1460
1277
7100
11170
81797
81794
29777
4795
167826
1285
1287
1286
1281
4669
3119
5831
3423
3115
1289
3112
4015
8859
11277
2006
57705
80760
4855
7185