1788
3593
3717
100271600
345611
10067
23046
7332
2297
84624
5334
6122
56169
728010
359779
2805
131096
2524
100130988
11262
55054
3559
11116
134288
25824
544
163486
84619
339479
64407
7297
639
677
100271305
647215
441108
80762
120892
2615
253430
6354
100271063
1601
149233
56677
4485
159296
157638
144811
57178
10320
746
4088
8600
5155
23308
150962
100271352
56946
55876
134008
1050
91975
6347
356
343727
26191
8209
60468
8927
8807
3976
6304
56301
22891
64170
147
63027
3586
5820
10171
8204
56984
55600
117289
5734
8453
2646
5771
283234
10221
8863
326275
85027
6774
54901
1201
8477
8995
124626
9966
64127
284358
63892
80315
91272
64167