215
100131609
1786
5341
5747
401250
5820
4234
3122
10892
3120
5376
3127
3559
10665
547
267015
267016
51062
352961
678
965
717
54207
677
5460
3132
100189469
131368
5594
554251
79970
6565
2315
51
410
921
923
56244
199
10538
352997
116935
221527
6148
8449
253018
4280
4803
3575
23498
443
170679
8518
23095
359758
7148
3394
6774
2670
3123
644020
54536
3593
56169
629
2294
7919
5660
353002
7917
7916
10558
7412
27120
3087
5788
10919
4277
4276
2581
160365
1594
1591
11262
64332
8477
95
868
54806
5428
5796
7936
729816
6891
100133941
60468
5354
3109
3106
3107
100130889
8320
8740
22898
65125
5491
147
387122
116379
440836
53832
117289
2135
10461
152100
84769
1041
3119
3118
3117
4914
7132
942
3112
148867
9517
4855