6833
56999
140902
9479
79571
10296
8622
8462
5078
8549
6928
54469
5506
6927
221895
3651
22837
339799
643550
60685
54901
4535
2888
378805
57104
54602
204010
63951
283460
3087
5789
145741
677828
8638
9370
63826
3767
9905
2184
9861
116985
3172
3643
94241
8872
5184
83795
729611
128486
340460
6480
57118
388125
169792
3636
55323
23101
100130239
3630
8567
4760
11132
10239
9223
10253
10363
9559
340598
1852
7297
6517
168850
10644
3667
5167
89822
136259
645345
7103
6934
100271597
169026
4544
5122
166336
9055
3784
79068
135154
5937
640
53335
57624
4853
7466
54536
63892