100131609
1236
629
84991
3516
5078
10554
26471
283598
80737
80736
6927
100270925
4439
400223
23242
442257
57827
80069
3122
3123
3120
3127
3559
387103
10665
55315
115352
1504
267015
6048
267017
25865
53347
352961
346171
4276
7297
717
1797
9374
64135
23274
10019
1493
26797
3132
246778
3172
64375
29121
6890
6753
55384
7919
8935
5696
56244
2065
6605
7054
55328
169792
388011
54665
116935
221527
3630
969
6891
100271271
100270827
4277
3304
3305
55876
5491
4008
493856
3109
7917
26191
3107
60468
7916
3481
55423
10666
3976
389203
100271063
1234
6821
723961
729816
3586
56984
100271600
100271203
1512
5771
22979
440387
4855
4758
7148
114904
3119
3118
3117
6231
3112
8859
80018
644020
139716
84162
7466
430
399716