9479
100131609
54602
10296
8622
5078
80069
8549
26471
5506
80736
3767
3651
22836
22837
3557
442257
643550
6648
60685
54901
3122
3123
3120
3127
3559
64375
10665
10666
6605
63951
283460
267015
267017
629
352961
145741
8638
3481
9370
5144
1797
9374
10529
23274
1493
84991
3132
246778
3643
9905
29121
729611
2184
5696
128486
340460
56244
2065
139716
55328
57118
388125
169792
55323
10253
116935
723961
969
6890
80737
253013
11132
3304
7054
5491
493856
340598
4439
1852
54469
6517
55423
389203
7919
1234
6821
3667
285600
3586
56984
89822
100271203
136259
8567
6934
5771
57827
440387
100271597
400223
378805
5122
4758
166336
7148
114904
79068
9559
640
53335
389840
7422
644020
54536
6833
56999
140902
30011
1236
79571
84898
8462
10554
6928
283598
100271271
6927
100270925
7917
7916
23242
387103
339799
22979
1636
100130239
4535
2888
3516
4544
57104
55315
204010
115352
1504
6048
5789
25865
53347
346171
4276
7297
10644
64135
221527
10019
3077
9861
116985
3172
3087
94241
58504
3119
5184
83795
6753
55384
256297
8935
100270827
6480
1512
388011
3636
54665
23101
3630
729816
6891
4760
4277
135154
55876
10239
10363
4008
3305
3109
9223
26191
3107
60468
221895
168850
717
266722
2745
3976
100271063
63826
9055
26797
5167
100271600
645345
7103
677828
169026
3784
3118
3117
6231
3112
5444
5937
8859
8872
430
80018
4853
57624
4855
399716
84162
7466
63892