217
51196
571
3911
112744
283450
4436
3659
7227
6927
8125
11221
347730
387934
7157
80724
862
28
657
26137
652
650
1033
6049
1316
4276
675
5144
466
999
672
673
6447
7486
5157
267015
7031
1499
2956
4233
7048
11278
728615
401475
6392
7032
6390
27030
4522
4072
63877
861
9940
3845
1452
220959
85415
2064
2778
6391
5395
4088
4089
120376
5290
5156
11200
4763
5606
55892
10391
222643
3118
4512
11178
79728
57609
5562
643503
644540
324
4595
25817
51201
2494
4092
6581
2042
207
3815
8667
8312
8313
100271596
2834
23095
647201
57497
843
26585
3119
2272
1601
79695
4293
4292
5979
5462
100271015
57509
23022
51741
125