100129176
3717
345611
23046
22806
84624
4026
3659
11231
728010
643
8477
2524
3554
51300
5824
5828
3120
3127
3559
11116
540
8807
544
55765
267015
29117
2859
1316
85480
5144
999
26839
100271520
120
6447
1493
125
167826
85407
8125
1499
4233
7048
728615
5265
5619
5820
2316
1656
5307
8986
25817
157638
85415
64170
2064
53942
100129017
27030
5395
1080
9966
8600
91828
23308
2768
3145
100271352
3676
8863
3579
222643
3575
3577
1233
79728
4126
57707
79258
221416
120400
140717
51119
2668
100132382
63027
1230
3586
3587
3588
26585
50863
9844
5771
431704
150280
10477
23095
10221
100130988
2042
85027
6774
5244
1723
115908
5979
57057
3123
57509
9555
51741
56677
4664
28
133690
2297
283450
2294
1908
64224
3558
283234
647201
2805
25949
644540
7157
3458
100132286
8690
282617
6689
1033
91526
112744
339479
64407
4276
7297
639
466
163486
7486
11262
120892
11278
6354
6299
400935
4522
4072
5796
9940
1452
8667
57178
746
4088
4089
10165
56301
5290
401475
23228
5243
64241
64240
4613
55876
1050
6550
1811
1056
51008
3431
26191
60468
159296
266722
4595
57396
29851
147
677
3911
55600
387495
389015
5205
8312
8313
100271531
4790
3704
7332
5830
3118
1601
3115
3113
100271063
5195
64127
57514
55670
8647
23022
9923
54901
1788
217
5734
212
10067
210
3592
134288
11273
2615
7389
7227
6122
1611
8927
347730
9173
100270859
55054
1371
25824
2153
9681
25943
571
400867
2829
675
2746
3930
672
673
80724
23274
5996
441108
3132
3643
253430
6311
149233
6392
6390
6391
3030
2494
6657
57609
3845
4481
51074
84701
2778
10320
387934
3119
5155
5157
5156
7031
7032
5606
5498
150962
7132
3593
2308
4046
91975
4485
51196
5562
51750
388722
11221
57511
6304
51201
8809
127281
6581
3663
3815
8204
54546
55722
146198
65992
23252
8453
2646
100271596
2835
2834
7128
359758
843
3394
2272
359750
79695
4293
4292
643503
284358
7422
100129306
54535
1001
64167
6833
2903
56169
8504
3595
100271600
23406
7850
4436
5334
6927
116028
131096
1738
653437
282616
8209
182
657
26137
356
652
650
84619
9409
6049
375616
133688
8771
100271305
10391
10019
10018
54361
80762
3077
5898
1910
2956
3172
64939
326275
2212
2113
5341
56984
11200
861
220959
862
864
63877
3117
257177
402569
55892
144811
6690
944
4650
3084
6794
23534
120376
1201
4763
124626
1890
5644
57497
6347
8764
4512
11178
5190
5193
5192
80315
327
324
3976
219771
22891
8929
4092
391282
207
2720
10171
134008
359779
59067
117289
100271015
5462
11315
647076
5890
57154
1803
56946
647215
84162
2235
8995
343727
25769
4853
91272
63892