9479
3710
668
54602
10296
8622
26471
5506
3651
3557
5820
442257
3284
3122
3123
3120
3127
3559
11116
677828
63951
283460
29113
267017
352961
2914
717
9370
5144
999
9374
1493
26797
51562
389203
8022
1499
64375
392371
6658
344462
4758
2798
4978
55997
340460
55584
2064
2065
139716
55328
57118
595
79887
6821
55323
10253
246778
190
969
60685
253013
11132
832
493856
83657
79728
400223
55423
84733
367
2260
1234
4214
723961
3586
440574
89822
100271203
6934
5771
57827
100271597
378805
137814
9055
6777
6770
9559
640
55636
389840
196951
644020
430
3758
122042
571
8462
729611
100271271
3295
353006
23242
3293
339799
1589
22979
7157
1586
3516
1584
1585
387103
204010
2688
115352
4089
284654
346171
4276
166336
4279
7849
5290
267015
9861
6528
6480
80069
344018
58504
5184
59341
6753
256297
8935
2516
1512
25817
3636
5573
551
3630
6891
6890
6899
5889
55876
10363
6557
83795
9223
26191
3767
5979
221895
3481
50846
266722
2745
7474
63826
10529
4008
1797
4254
100271600
7297
645345
9049
3231
84634
6736
169026
3109
8086
3119
3118
1601
3112
8859
57624
23022
84312
54901
399716
5172
215
100131609
213
56999
1236
79983
2657
112744
84991
60468
5741
5078
578
8549
80737
80736
5071
4221
22836
22837
643550
6648
399
23
5626
28
7054
10665
10666
56169
84898
81037
3762
145741
8638
7809
675
8635
4853
672
135935
23274
8872
9247
3132
6716
269
268
3643
3640
394263
9905
29121
7253
2492
51
2494
5696
128486
51079
2253
2252
6605
2778
388125
169792
116935
10232
7032
100270827
100271197
7038
3304
646702
5491
100270925
340598
6662
4439
1852
4094
2304
6517
26012
128674
7919
3667
285600
55729
56984
8200
136259
8567
3265
440387
2834
4544
5122
846
7148
114904
4295
56244
53335
7103
7422
1730
50506
2888
54536
6833
140902
30011
80862
79571
629
79577
10554
23405
6928
54469
283598
6927
7015
7917
7916
54796
387934
1636
100130239
4535
7490
55315
57104
8820
79068
1504
6048
5789
405753
25865
53347
64135
221527
22800
10019
80762
3077
116985
3172
3087
94241
7080
1027
1188
1482
1187
55384
63877
3117
11278
2693
2692
2690
285834
388011
286749
54665
23101
729816
4760
647201
4277
135154
10239
3730
3232
3305
389434
3107
2184
168850
3973
326
3976
81848
100271063
10644
207
5167
7031
60675
9210
2332
57706
3784
7068
84162
5892
5444
5937
80018
4855
1761
6231
7466
63892