3107
3299
3710
1302
668
50484
2652
1261
4336
100130889
22930
6121
10210
149233
10554
8546
10516
11232
24
115352
1545
7306
23
4901
3791
3257
3118
762
402184
266722
10585
54507
717
29113
267016
4867
10877
6247
352961
8224
5148
718
5146
3769
8635
5145
7399
2700
10529
5995
1292
1493
64072
343035
2301
441726
6094
5428
6010
84146
84140
100270952
6017
7253
89781
3990
285829
646702
170680
4647
4137
169522
55584
84233
10594
134430
344462
4976
1259
926
291
360023
5158
24148
9094
1121
1123
221527
5156
6100
3679
10665
4653
60506
399
83959
8322
4280
493856
6785
2780
4284
6261
80207
6663
79803
3662
22999
1421
1524
8754
1409
26258
29914
221416
5961
80122
7439
1258
2074
3664
3426
285600
3586
10133
54714
59338
170679
124590
65217
3078
4117
79147
100048912
4359
353007
6935
4541
4540
353010
23418
388939
130557
338917
114902
780
79955
4295
5080
83394
440270
259266
1406
220202
2979
7422
2165
10228
84898
80184
54535
1001
80864
3614
80862
3595
9129
629
54499
93589
64221
83872
4279
3000
267015
394263
3135
390616
11116
10255
353006
55812
4340
2200
1420
857
1634
4539
5309
4535
4536
79947
346007
4948
341640
7099
64218
84059
1071
6048
25861
3080
84343
375298
116935
6148
3850
7299
728458
118663
3075
4538
25794
7148
5654
81579
11234
7840
58504
353011
5340
4935
8870
5956
84100
6295
2218
728402
90167
57190
26121
84062
92211
3859
7401
56652
729075
387715
7287
10002
7936
6499
9451
285834
80144
57096
343450
57094
55975
768206
9227
84839
253018
5444
145226
30813
4276
4166
123016
7078
4909
4512
3106
5149
6103
6102
4514
10083
221294
5925
5978
5923
57167
8797
858
51151
1293
200576
1291
1296
4285
388552
2914
4942
387122
729816
23746
55605
1797
611
778
57369
10866
2978
4519
81794
10461
4286
340198
26504
4508
9215
7045
1280
3119
9709
83552
81494
3420
4016
8842
50939
8859
1471
167691
4990
23020
6101
7466