51196
4306
668
50617
760
79983
10863
3231
6559
23362
7225
3040
200420
5071
5076
6665
8542
3557
83636
2321
6092
6648
5824
54901
5828
11112
7056
8671
126969
10665
4868
2034
407977
80832
2152
449493
100271317
23512
56965
23607
3939
7390
718
7809
675
29851
26011
999
672
135935
84733
8626
5462
128822
8082
22925
6716
1499
269
268
4233
116093
23562
5800
6569
3039
2990
4643
2492
56169
3031
286097
7312
390218
4609
23405
4978
1060
28991
2253
284274
988
595
23466
6582
120227
4855
65266
340895
190
3709
7030
11136
898
728409
6563
100271197
9658
81
8029
100270946
6781
6519
5251
9380
79663
100270916
6662
5311
5310
6514
57619
5314
1803
525
4968
11281
367
2260
2261
57575
4214
403301
100271209
64423
5820
9526
55589
26957
353329
11122
3265
4257
4627
150280
7903
4920
10460
4760
2271
6421
1729
8897
2064
6770
100130338
4292
79611
55636
55686
389840
7422
7421
3123
4952
5972
51071
7428
3758
30011
8504
3751
5546
629
117583
8741
221416
4437
4436
6928
116448
346711
3295
10255
7029
3293
27241
54796
1589
7092
1636
2056
1730
7490
1586
1584
183
55214
154288
185
200315
9409
189
284654
56311
112817
100048912
29956
10312
2629
1287
6521
22800
5892
26281
3075
3077
100147821
2956
3284
4603
11236
23780
344018
10
3119
1188
10232
1187
1184
3118
4179
949
201163
8661
3116
90859
9027
2516
254778
204474
128674
8395
340024
286749
554
22918
551
8074
5290
2632
6744
5696
100271091
158222
23635
5889
51422
142680
3232
6340
5728
6557
5192
5195
7466
5190
5193
221895
199713
5925
50846
1471
84902
6909
1758
2628
65125
3730
4841
3973
9153
449492
9603
3913
79058
207
5167
57531
401145
55193
8000
2646
256356
493856
60675
6736
60677
6262
9210
26503
7827
8416
1285
2332
1286
57706
5830
1594
3117
58500
646195
3426
219736
84925
139189
6337
29107
55670
7369
63892
6338
81494
359
6524