1788
3717
8927
345611
10067
134288
11273
84624
6122
728010
359779
5820
3554
8863
11262
55054
3127
3559
11116
23046
25824
8807
544
55765
163486
29117
400867
2859
2524
85480
677
100271520
150280
441108
7128
3132
253430
100271063
149233
5307
4485
157638
10320
8600
5155
343727
23308
63027
150962
100271352
257177
2308
4046
3579
3586
3575
3577
8209
57707
51750
57511
221416
6304
140717
64170
127281
2768
3663
3587
3588
8204
56984
55722
55600
23252
8453
2646
5771
283234
10221
100130988
3394
85027
6774
5243
9966
284358
7422
3123
100129306
9555
54535
1001
64167
3593
56677
56169
54546
100271600
2297
2294
23406
7850
5334
2835
2805
131096
1738
653437
3458
219771
356
84619
375616
339479
64407
159296
7297
639
8771
100271305
647215
3595
54361
80762
120892
3172
326275
2212
6354
402569
400935
3117
120400
144811
57178
746
4088
1201
56301
56946
55876
134008
1050
6550
1811
6347
124626
85407
26191
60468
1611
80315
327
3976
22891
147
391282
91975
10171
2615
146198
117289
5734
11315
167826
57154
7332
1601
944
8477
8995
8764
64127
9923
54901
91272
63892