3920
55343
27286
4023
7490
10516
285362
7306
5824
5828
668
26503
3257
344
3857
3854
57514
3852
3853
3850
3998
8905
919
348
3858
51062
1798
142680
710
7045
11281
7046
114798
7040
1497
388698
6094
91056
6794
10195
2318
6658
2314
5836
2312
2895
84233
55997
10804
2074
5913
59341
593
594
1080
120227
1121
56052
3077
11136
3679
275
4072
6389
3674
2542
26154
80208
80207
2548
79728
525
2108
26258
29914
2263
2260
2261
2266
1406
8517
79667
4210
8048
9526
57477
124590
8518
26580
4359
6935
23095
4351
23545
23096
55129
11005
55120
6507
36
35
34
23064
1536
57502
1244
3251
2165
57167
3098
435
2161
2160
359775
2162
2617
9733
338
335
6335
11127
338376
65055
3291
10020
10021
255738
857
859
9640
6204
114182
6201
7414
84059
653361
7552
3861
7555
2683
54820
116519
112817
2203
84572
6611
374291
340024
4771
843
2632
95
255928
378884
5184
40
1629
5189
8565
201163
5818
55651
148738
3859
56652
132884
747
80331
55975
3064
6899
6898
51422
5354
5352
5351
5350
6103
6102
5456
6100
5146
10939
1758
51151
1756
388552
1278
79628
4313
5289
79783
57531
257397
23503
1277
3708
8242
8243
5538
4508
339829
1281
1280
948
10084
4914
57716
1289
91662
10908
2538
2539
1476
26260
57158
23020
64072
686
57152
5173
139363
2717
1302
2653
114548
2719
1308
6559
7957
7389
6101
8546
121512
8540
1832
7454
5582
3798
7450
4593
146057
7592
5621
7048
1371
2155
1373
6324
23111
2153
10743
2159
6329
8481
3939
126410
3931
3930
55624
5995
83943
5264
84140
1959
6710
9907
3730
10483
7319
5261
7253
22845
3242
54840
203859
10594
825
3848
346007
6567
6855
79955
169792
65266
7139
1482
5498
7036
7038
80025
7134
7137
2068
5251
1717
5257
9382
5255
5317
84871
4723
5314
2799
146227
51204
64840
11285
64324
1075
57190
6314
3748
1738
8754
8200
1134
55800
4624
4625
242
4541
4540
6338
3918
249
4547
166336
2273
4507
643418
29929
3691
79053
116085
79947
5224
8504
9126
1340
83544
25839
8291
3702
4436
178
641339
175
5979
7547
4538
4539
4942
3690
4535
4536
4537
4948
51324
284382
182
183
9401
186
22954
185
2110
9409
25861
3081
6337
2623
1123
10157
3872
2629
5892
10397
23230
3284
11234
4669
138050
3887
404672
55065
4154
221421
16
19
27032
3889
27034
51074
60681
7536
100505503
28956
84062
84061
55145
2693
10491
2690
54982
189
2592
3909
23345
4763
5213
84839
10577
145226
657
493753
3236
389434
24140
356
5195
5194
2812
5191
5190
5193
5192
118813
9896
1471
324
3988
65125
29954
8074
775
10159
773
2615
779
778
1290
7102
493856
81794
70
57817
2332
2334
1594
3028
5447
6135
79158
79152
1760
51314
1767
1140
4306
1144
1145
8626
8573
8622
5095
25794
215
22999
123606
3655
4864
2956
5176
9203
51114
4901
2664
26277
540
546
547
2652
2244
2245
2243
7391
7390
5063
1294
2705
2657
2707
2706
7399
7168
284119
6446
6444
6445
6442
6443
4239
64374
6448
6125
7443
4041
6569
1828
1258
89781
343641
345895
7439
2147
6310
9570
410
411
412
25814
7117
4976
1387
53940
10210
3827
3949
5395
9094
3373
11200
10128
8443
83959
7369
3476
4281
4286
4287
7015
5091
5092
4126
5096
7248
443
9782
368
55036
367
128178
5009
24
54657
2760
3141
1509
54658
65217
383
445
3315
92211
388939
10585
4758
785
1641
1643
1729
7401
6777
6770
1723
50617
7020
8813
27019
5972
6218
9968
5624
3614
254065
2290
56997
4633
6496
3000
4634
116442
55812
1161
2200
1589
7092
7157
1586
4983
1584
23418
2157
10913
56606
4247
2010
27329
6683
2055
10661
3145
137814
8106
2582
2581
7299
10312
23133
1355
2588
6521
7486
6524
64175
6528
5654
7846
7841
7840
4935
11141
84100
2158
6295
783
26353
4688
4689
2109
6197
1103
81857
26121
2517
1513
91869
2736
3868
2639
2731
10002
4088
4089
10165
3860
10008
91949
57096
57094
256471
30008
9180
6535
5889
5961
1896
23224
5053
5728
123016
54875
2121
10479
875
9129
5727
871
6223
2035
4591
2033
488
4595
55172
4598
6229
7474
2038
959
3914
4166
5631
4204
55215
10466
4952
6736
10461
10528
4792
7337
5837
51251
154881
440138
5831
30061
4010
4015
4014
7504
4000
355
7507
55775
950
55670
91624
7508
9927
170302
55505
212
213
210
762
4221
760
1785
1786
4125
5476
6121
83394
285489
3329
3043
10083
5148
5479
79147
6712
7050
7051
1778
5373
2138
100132286
9897
4867
1675
51778
286
121340
3481
675
57165
672
7249
3561
1293
3074
6014
3643
8842
3892
2998
6010
6311
3039
6017
2990
51
4647
2997
8988
8701
2395
37
2259
2253
6708
538
2778
5158
24148
55636
4487
26119
9499
5376
8139
6901
57194
5660
8398
7879
9496
6908
6519
4803
79803
5167
6514
64446
5145
23171
2176
2177
2175
2073
2072
2071
427
1259
5017
3815
127534
4117
144165
3265
8450
80326
64218
130557
847
7273
7276
841
8898
5256
5080
2978
4292
2670
2979
149998
7421
50506
7546
8557
147912
6834
117581
118429
1861
10555
90411
6606
6607
5339
6609
1585
6165
10558
10559
27241
8292
1634
347344
1636
22948
54332
4069
4747
5236
1736
84342
84343
65109
123872
5860
405753
2815
375298
1806
728458
1837
79087
2182
3073
2187
3075
229
2184
1593
4607
2189
224
2178
7080
1027
5429
5428
57192
5830
1184
2218
1029
1028
1180
3897
4728
6452
51128
5871
6687
158866
1741
6495
128674
79796
7287
9459
2235
2584
1201
1200
1203
136647
5649
5521
2892
9509
59344
3736
3735
30813
1893
6341
6340
4519
2132
2131
4512
4513
3849
146059
4514
8671
25836
81846
9997
8675
1352
1292
9420
200576
1291
1296
85366
85365
5160
5162
10075
5265
2720
113189
50943
23218
60675
9197
5048
9380
462
26504
9215
1807
6469
56946
125972
3423
4853
3420
768206
3425
7466
472
50939
9517
9516
2006
6331
3040
28976
4854
6231
55135
50937