170302
3920
55505
2717
9203
1758
2719
27286
215
641339
7015
116442
5048
7454
1837
1594
3251
7592
1736
26277
4983
546
1756
8905
2245
2158
2010
2290
142680
5063
10159
23133
65109
653361
6611
347344
7552
2334
7846
6448
138050
3561
7319
6658
6567
11141
51
4688
2892
6197
51128
5251
412
28956
254065
158866
1184
538
6855
9459
120227
1121
8074
23345
4000
6901
6535
1896
4689
10479
4204
959
3476
4281
24140
3028
10084
3373
55135
5456
51114
2664
55651
919
23224
186
367
64840
5160
8517
5162
10075
5167
5009
57477
50943
7102
5354
4625
8450
8242
84061
23096
2332
1741
1641
2273
2182
3423
8573
5631
3425
51422
7504
1536
57502
26260
7421
4952
9968
54820