100128390
122042
57135
153572
60528
646255
22853
84075
100271372
23405
402123
6928
391679
100270871
3655
222546
22834
4477
8193
54535
26579
387934
4824
58472
55423
7054
4983
6041
8653
3640
253461
1316
578
79083
7399
196374
5462
100271222
80762
2263
389136
11278
4601
117144
80031
401475
2492
5305
137868
10611
25978
4609
81037
4481
157638
2255
139189
5010
2677
79887
6498
359941
11200
9651
1293
23301
100189492
94274
728484
5728
7015
6662
1617
117155
653268
401237
5192
8673
638
3973
367
81848
55170
80319
50805
6582
6581
6580
3817
55729
55190
84790
4254
8287
122525
60678
54790
219931
7337
140885
161497
5630
2048
340602
354
57054
57055
51312
1761
6660
430
63892