578
153572
60528
646255
100128390
100271372
23405
402123
6928
391679
100270871
3655
7015
22834
4477
8193
26579
387934
4824
58472
7054
4983
6041
2263
253461
1316
638
79083
7399
196374
3817
5462
100271222
80762
1293
389136
11278
4601
401237
80031
401475
5305
50805
10611
4609
81037
4481
157638
2255
5010
79887
6498
11200
23301
100189492
94274
728484
5728
222546
6662
55729
653268
22853
8673
3973
367
81848
80319
137868
6582
6581
6580
84790
84075
55190
4254
122525
60678
54790
219931
7337
25978
5630
2048
340602
354
2677
51312
1761
54535
430
63892