9479
54602
10296
8622
79635
26471
5506
3651
442257
3122
3123
3120
3254
3127
3559
8658
63951
283460
267015
267017
3990
352961
717
9370
5144
1797
9374
1493
64375
100270950
79571
157638
340460
56244
2065
4023
55328
57118
391719
55323
10253
221527
969
80737
391524
253013
11132
84320
493856
3479
8882
55423
389203
1234
6821
723961
79660
3586
84450
89822
100271203
100270938
6934
5771
100271597
378805
4758
9055
80059
9559
640
644020
430
56999
442117
8462
729611
100271271
23242
339799
22979
3516
10221
387103
90768
204010
115352
388011
346171
116519
7297
10644
10562
6524
9861
6480
8567
5184
6753
256297
8935
1512
3636
3630
6891
6890
11321
55876
10363
9223
26191
3767
60468
221895
2745
63826
645345
169026
3119
23274
3117
3112
8859
57624
54901
29107
399716
100131609
1236
339896
84991
100270981
5078
8549
7227
60685
80736
400223
22836
22837
643550
57827
100147745
57829
7054
1071
10665
10666
84226
2158
287
145741
8638
3481
4853
9709
8872
3132
246778
3643
9905
29121
441726
5696
128486
6605
729288
388125
169792
116935
83795
100270827
22918
3304
3305
5491
6262
340598
4439
1852
54469
6517
7919
3667
56984
136259
440387
4544
5122
166336
7148
114904
53335
139716
54536
6833
140902
100271600
629
10554
6928
283598
6927
100270925
7917
7916
80069
100130239
4535
2888
84811
57104
55315
79068
1504
6048
5789
25865
53347
64135
10019
22807
2184
116985
3172
3087
94241
3118
55384
54665
23101
729816
4760
4277
10239
4276
4008
3109
3107
100270945
168850
3976
100271063
26797
5167
2646
7103
100287887
677828
3784
84162
135154
5937
80018
4855
6231
7466
63892