217
3920
120114
1952
2657
10060
7112
283652
64848
22808
54805
131118
2099
1832
1837
6640
255738
8658
84159
6324
3782
63951
1674
3784
23294
23293
51778
287
80310
3762
100048912
7804
23768
7809
1308
673
6444
6442
3757
55172
283849
11278
29994
5308
5663
1829
2316
1824
345895
6654
4646
4878
8701
57608
3845
55997
4973
3827
6597
4893
284217
4634
2890
7139
1482
88
6901
9992
6389
7134
7137
4205
5318
6262
6261
6662
170690
100128390
8882
64446
23171
55036
83544
55742
2070
11155
100130239
9722
55759
8048
3741
23414
7021
55800
241
4625
4626
137814
7273
27019
84722
783
5573
100271444
51422
9960
57057
23389
4624
387119
7547
3759
10142
28
3753
54880
9531
4633
1874
114036
79822
5664
653163
7015
10021
2200
7709
7092
859
182
65264
387101
25771
5781
7414
25902
79188
123872
10400
25817
10151
2626
25903
2581
463
98
56996
3781
3728
4607
6330
4838
7168
948
221421
10743
2218
6387
2697
51530
729075
390345
79659
10008
3988
4018
55973
6943
11216
6899
92579
84439
11173
375056
5350
4000
100271434
8613
121536
1756
221692
85366
151126
79192
775
771
84441
8557
6736
70
4040
2702
22822
339829
1284
79660
1804
78987
125972
1282
8997
282996
7405
284252
2006
6331
57158
5894
23022
91624
1767
4851
51314