4303
4302
3717
4300
23048
2303
8626
8301
28992
5820
694
695
3123
3127
11116
546
3998
2244
29113
348
2243
7390
718
348801
8028
8029
89884
6125
100270953
10962
89781
1656
92521
2147
55997
2060
56244
595
6988
11064
6708
645668
3273
9659
2821
3674
79728
7249
26258
368
2260
2261
2266
79476
9258
80184
57476
115761
6176
23092
81693
137814
22
6774
1727
200942
3092
1536
11262
2165
3098
2161
2160
2162
5462
11093
331
3257
7158
81608
3458
90411
7150
6204
4869
79184
6201
653361
50515
889
57379
9509
7297
3558
79648
462
6521
10560
5551
843
94
3394
1991
4838
3205
4683
4179
4688
4689
26127
80271
10006
4089
2632
401475
64324
238
6899
124540
164656
5087
5351
5873
5450
3431
6223
2035
2034
25925
54790
4598
6229
29760
388552
1278
1528
958
613
4253
1277
3702
54583
4791
3704
2120
2122
1281
948
3543
3117
1289
7504
356
355
2539
2531
212
2657
10215
5079
3040
3043
8546
25
7454
5277
146059
7450
2324
5627
5624
7056
2155
84159
2157
10661
2153
1675
2158
2159
4864
286
1719
54205
3930
673
3131
79482
3132
285527
6710
171023
10483
3039
2990
8701
3845
79934
80324
2038
55752
5159
10320
4893
100272147
4891
5156
9855
399
2309
79803
89795
10600
2176
2177
2175
2178
11285
3662
1130
50943
973
55215
4299
4298
841
83417
4297
4291
7374
29844
2677
7547
154215
56169
629
57569
79827
100128431
6929
6609
7015
6165
8115
974
4066
2057
3690
4068
596
27086
5781
27125
100505503
84343
2815
2623
2624
2812
2629
6886
6887
51251
2187
3075
4609
2189
11234
11235
2213
2212
5340
3119
861
3118
867
55289
2022
7405
84062
254065
25865
55120
6218
605
604
54986
6491
10272
285834
602
8178
6813
79650
608
4763
10577
7428
959
472
84930
4928
4004
4005
4515
64127
8676
1290
81704
729536
203
4094
113189
2729
23218
26503
7066
201294
3426
6135
56262
3195
7468
64895
6231
81494
83605