9071
55343
26471
8301
28992
5820
442257
100130988
10892
3559
3558
80332
407977
51062
11181
2914
717
348801
1797
710
5460
1493
167826
388698
100189469
131368
91056
474354
10962
646702
2315
2312
84547
55584
56244
259308
595
6988
147409
8859
3684
441376
100130756
5796
389203
2261
1234
1235
1236
56984
64421
9258
80184
57476
8518
100271203
8897
9844
5771
23095
5573
3092
1536
11262
644020
2161
430
2615
331
9283
100271271
353002
8341
5133
353006
23242
22979
644540
3516
387103
3899
653361
50515
57379
346171
267015
843
135656
3394
1997
401475
1999
6753
8935
63940
3630
6891
6890
238
90865
100133941
55876
57713
284110
5450
26191
29760
147
414777
440836
4253
3702
169026
284382
1285
2120
3119
3118
3117
3116
4914
3113
3112
3111
148867
5462
57628
2531
7185
1594
399716
3593
7128
2719
401157
84991
100130889
5078
5079
5747
10340
7454
23
9173
10665
84159
4869
930
387046
286016
54207
5994
200734
11277
5993
246778
100270953
5594
8870
3560
3561
7253
3569
164832
7918
5696
55024
55937
169792
116935
3309
399
7132
5491
2309
7917
2302
6665
1656
8809
5966
6583
3663
3662
1130
1134
11120
645950
11127
440387
2135
57661
359758
7148
114904
26147
79692
29844
83648
154215
4261
3596
100271600
629
57569
79827
7919
6535
6929
283598
199
6927
100270925
4439
7916
8115
975
974
973
80069
596
6046
1504
3087
2113
6366
25865
375616
53347
349158
160365
2629
190
10019
5896
5897
8477
6048
868
54806
861
27125
55384
4295
79476
28956
254065
54414
3115
54986
3305
10272
285834
54665
23274
5211
4008
4004
4005
8449
22898
326
3976
65125
150221
150223
449492
204
26797
117289
7100
81797
81794
1041
79722
57705
56262
64895
1591
115650
4303
4302
4300
3710
23048
1145
8625
8626
64332
9474
11118
696
694
695
3122
3123
3120
3127
11116
83737
547
267014
29113
267016
267017
1460
352961
7390
85480
5144
387122
9374
8028
23569
22925
4234
64375
5341
1017
554251
79970
6565
221584
6311
29851
2060
921
923
1380
2065
139716
55328
10538
221527
253013
80736
8320
10125
253018
4282
449493
4280
4281
3586
3575
3570
7249
55423
730070
9526
6821
723961
100189529
6176
150280
23418
259197
4758
780
6774
6775
200942
149628
10866
942
8741
2294
91137
25780
3009
81606
7936
10666
394254
79184
115352
10919
10318
388011
7292
4277
4276
7297
639
4279
30009
121260
965
3689
4683
344462
3687
969
4688
4689
57176
2516
1512
10006
4088
2632
79840
640
3431
60468
2741
2743
25925
4598
79482
26953
11170
10461
4795
4791
152100
7332
3543
55289
7504
356
355
3981
1789
3107
100131609
1786
10215
80737
3040
400223
401250
115761
57827
1773
78994
5376
7054
389715
115509
678
3481
8635
677
673
3135
3131
3132
8740
394263
3039
29121
2990
100293534
8701
83706
84640
344423
5159
10320
64288
5017
100272147
100270827
9855
116379
53832
4803
89795
919
89884
23498
23495
54899
170679
353011
5089
4299
4298
841
83417
4297
5087
7374
387117
54536
100129192
56169
80862
117583
100189539
285527
100128431
10554
6605
10255
10558
7412
4066
4068
27086
55315
352997
27120
5788
64135
6886
6887
80760
3075
4609
3172
2213
5428
220959
51646
720
721
605
604
6491
23534
602
8178
608
729816
6941
283165
3304
959
958
6148
3109
3106
4928
9517
4515
7741
1116
1118
100271063
81704
4094
90355
50943
7941
29777
26503
84769
56946
6231
94103
472
3195
7468
4589
80018
4855
84162