6855
3920
215
9203
158866
84623
2290
27286
6535
641339
116442
2055
9126
2036
3251
7592
8492
4983
546
547
8905
2245
5063
10159
23133
65109
6611
55650
347344
7552
6487
6448
138050
7319
2898
6658
6567
9901
51
2892
7991
6197
9439
55998
254065
1387
8831
1741
538
3827
2902
9459
2904
3373
5631
10369
83696
10479
4204
1859
3476
24140
3028
10084
3479
5456
51114
2664
2033
186
11141
170302
81704
1013
5160
5162
10075
9524
57477
84295
7102
8450
8242
8243
84061
23096
54862
2332
2334
2182
3423
8573
51185
11253
3425
51422
57502
25836
26260
55777
9968