3593
344462
7128
23046
84871
56244
7117
259308
116085
7092
4148
2487
4855
3127
3559
25949
10665
114182
115352
56606
267015
389715
400867
3837
4277
4276
56172
3135
200734
1493
23569
3516
167826
3132
359775
7124
390283
6014
3248
100507436
149233
100271278
2895
344423
3569
164832
864
6366
10758
3123
53940
55937
5289
10678
23534
147
54665
5211
729816
5649
9755
100270827
23263
3309
200728
9496
4282
7369
11170
54875
79722
3118
10085
26191
3107
4049
196527
51752
326
389203
7536
3899
5966
6583
1235
79667
391282
3663
958
90355
257397
8200
4626
4795
353011
6446
4055
3119
26147
3117
6775
4010
139363
640
5871
54829
40
7185
83648
7547