79663
5310
4306
449493
760
81494
6559
7225
6519
200420
6665
8542
3557
353329
6648
5824
5828
11112
7056
10665
4868
407977
80832
23607
3939
142680
718
7809
26011
2628
221416
84902
128822
22925
4233
116093
23562
6569
4643
5696
55589
28991
51071
988
595
120227
3119
65266
7030
11136
22918
9658
81
100270946
6781
7369
5251
9380
64423
100270916
5311
51196
6514
57619
5314
525
4968
11281
57575
6582
100271209
340024
9526
11122
4257
4627
150280
10863
4920
2271
6421
1729
8897
51422
79611
50617
3709
389840
7422
79058
3123
4952
5972
284274
7428
3758
30011
8504
646195
629
8741
1471
8082
10255
7029
27241
1636
2056
7490
5546
183
185
9409
189
112817
29956
10312
256356
6521
1594
3075
3077
9027
390218
4603
11236
23780
56965
58500
1188
4760
1187
1184
949
4179
201163
254778
204474
554
551
8074
6744
158222
6340
6557
5195
5190
5193
5192
8671
2034
6909
1758
65125
5800
4841
9153
449492
3913
7421
5167
57531
8395
55193
2646
493856
90859
60677
6262
7827
8416
1285
1287
1286
5830
3118
3117
3116
3426
84925
6337
29107
55670
4855
6338
7466
359
6524