4303
4302
3717
64783
23048
10320
8626
57082
57569
10215
100128431
5079
6929
28992
7913
9321
8115
25
115761
2521
472
694
11262
596
5371
3558
27086
8178
84159
4869
79184
5781
3394
50515
27125
25865
2120
63976
865
348801
3195
4330
3932
6886
6887
8028
5462
3131
4609
8021
4298
4026
3205
10962
861
862
92521
4763
867
55289
3845
3123
10499
7994
2060
5914
254065
1387
10801
8833
5159
604
10006
6491
10272
6988
4893
100272147
608
401475
64324
645668
9855
8522
124540
23305
26511
2309
29844
5450
3431
4928
4004
4005
57591
4515
602
10600
2078
2033
25925
89884
4300
79482
285527
729536
79476
3815
84936
613
57476
2322
153090
6176
4629
23092
4791
4683
7704
2122
4299
79142
3117
4297
5087
3662
3092
2000
4066
54904
79827