123688
2615
100131609
10144
8626
401157
55504
646192
2294
3658
9283
7015
7917
441376
53916
6288
21
10665
7157
64375
6439
80332
100132286
6046
659
653509
387044
85480
5144
6794
673
1956
152002
3560
6440
3132
10568
9173
729238
7080
5265
644540
1999
220959
3117
9940
81037
51074
2064
3115
972
84640
4086
1080
4088
4089
6821
253013
3111
90865
27063
55876
284110
4285
3570
1116
1118
1017
8809
4093
5002
26953
1136
7941
91137
169026
23418
6289
1285
5089
56946
3119
3118
8897
56244
94103
3113
1438
3122
149628
4589
57628
54904
4855