100131609
9071
150221
629
100189539
9474
56244
7918
8341
10340
5133
7916
11118
696
100130988
1773
23
3122
3123
3120
394254
10318
10665
267014
267015
267016
2113
1460
10919
387046
7292
115509
4277
4276
394263
717
639
387122
1797
221527
11277
80760
7128
3132
121260
780
349158
135656
2213
474354
4439
3119
1997
221584
100293534
57705
3687
3684
25780
720
721
55024
1380
100129192
10320
64288
285834
63940
352961
729816
11181
6941
29113
10125
57713
57176
414777
100130756
640
3009
26191
286016
283165
387117
23534
8870
730070
1656
100189529
3663
54899
84547
170679
7741
7100
645950
259197
57661
11120
7148
7332
7917
3118
3117
6775
79692
375616
3112
3092
78994
8859
1493
29777
4855
3106
83648
81797