4303
4302
4300
56169
23048
10320
8626
3132
331
10006
57569
10215
100128431
5079
6929
8301
28992
6491
4515
8115
5820
115761
973
472
694
695
11262
4068
596
3127
3558
27086
84159
4869
79184
3394
29113
50515
27125
25865
348801
673
6886
6887
8028
5462
3131
4609
4299
285527
4683
2213
3195
100270953
10962
6176
861
3118
3117
8701
79476
2060
254065
56244
5159
604
605
54986
595
10272
285834
6988
8178
100272147
608
401475
238
9855
399
154215
2309
56262
5450
3431
4928
4004
4005
7249
89795
602
64127
25925
57476
89884
2261
1656
29760
79482
9258
3662
80184
4253
974
4094
3702
4066
4791
2120
843
4298
841
3543
83417
4297
5087
200942
29844
356
355
7468
64895
3123
3119
2531
55289
79827