4303
4302
4300
56169
23048
10320
8626
3132
2657
10006
57569
10215
100128431
5079
6929
8301
28992
6609
4515
8115
5820
115761
973
472
694
695
3123
4068
596
3127
3558
27086
84159
4869
79184
29113
50515
348
4864
25865
2212
331
348801
3195
673
6886
6887
8028
5462
3131
4609
4299
285527
4683
2213
4838
100270953
10962
6176
861
27125
3118
79934
3117
55997
2060
254065
56244
201294
80271
5159
604
605
595
10272
285834
6988
8178
100272147
6813
6491
608
401475
238
9855
6899
399
10577
154215
2309
56262
356
5450
55289
2303
4928
4004
4005
7249
89795
602
3394
8676
25925
57476
89884
1656
29760
79482
79476
9258
3662
80184
4253
3431
7405
974
3702
4066
4791
137814
2120
843
4298
841
3543
83417
4297
2324
5087
200942
29844
5873
355
64127
64895
11262
5551
3119
2531
79827
7547