5310
4306
401145
57135
50617
8626
153572
646255
22853
23362
28991
391679
3655
6665
4477
3557
26579
5824
5828
11112
407977
449493
8653
1316
23607
142680
718
29851
26011
7399
221416
8029
100271222
2263
6092
4233
116093
23562
6569
80031
1060
5305
286097
10611
4609
128674
3123
157638
55589
595
23466
120227
190
359941
11136
898
9651
728409
23301
9658
449492
7369
493856
79663
100270916
22834
117155
653268
57619
525
55423
84733
367
2260
2261
57575
4214
100271209
64423
9526
8287
8897
150280
7903
23780
1729
25978
6770
11122
2048
79611
55636
389840
57054
57055
4952
5972
430
3758
5462
122042
3751
60528
8741
100271372
402123
116448
3295
22925
222546
7029
3293
8193
1589
7092
58472
1586
4983
1584
200315
284654
112817
638
10312
6498
6521
340024
140885
9027
390218
26281
58500
4760
4179
201163
8661
2516
254778
139189
6660
554
551
100271317
158222
23635
100189492
51422
94274
84075
5728
6557
6559
128822
403301
5925
50846
2034
1758
55170
4841
100147821
4824
3913
7421
57531
4254
4257
126969
6736
10863
7827
1285
1287
1286
5830
3118
3117
3116
84925
1471
55670
51312
54901
359
760
100128390
578
7225
200420
5076
8542
346711
83636
6648
7056
3973
7054
10665
4868
80832
2152
3939
7809
84902
6716
269
268
11278
81848
3640
117144
4643
2492
3031
137868
5696
4481
2255
2253
51071
5010
988
387934
3119
65266
3709
7030
6563
22918
81
100270946
84790
6781
6519
5251
9380
6662
5311
51196
6514
401237
5314
26957
4968
11281
81037
50805
6582
6581
6580
3817
55729
2677
100130338
3265
55214
4627
219931
10460
2271
6421
161497
340602
55686
7422
79058
340895
284274
54535
7428
30011
8504
646195
629
117583
55190
23405
6928
100270871
728484
7015
10255
27241
54790
79887
1636
2056
7490
5546
183
6041
185
9409
189
253461
7337
29956
79083
256356
1594
3075
80762
3077
389136
3284
4603
11236
4601
56965
10
8082
1188
11200
1187
1184
949
353329
204474
8074
6744
100271091
3730
6340
4920
5195
1617
5190
5193
5192
8673
8671
354
6909
1293
65125
5800
80319
2628
9153
5167
8395
55193
2646
56311
401475
122525
60675
90859
60677
60678
6262
8000
8416
196374
1761
1803
5630
3426
81494
6337
29107
4855
63892
6338
7466
6524