3920
4306
1200
3077
55343
4023
285362
3284
7306
5824
5828
3257
344
5095
80331
348
2243
1798
7391
142680
284119
6446
1497
6448
10195
6569
5261
89781
2799
410
411
412
53940
3949
593
594
120227
56052
79667
3141
10128
275
8443
6389
7369
4281
4286
5091
5092
2548
4126
5096
525
26258
2263
7536
5009
54657
443
9526
2760
54658
445
383
4351
4758
1729
6770
36
35
34
50617
5871
8813
1244
3251
4952
5972
435
359775
338
335
3291
10020
255738
1589
7092
1586
540
1584
1585
114182
56606
27329
2055
2683
2584
116519
112817
7299
10312
84572
1355
2588
6521
374291
340024
2632
95
4935
5184
40
2895
2542
1629
5189
5224
2109
2108
4864
148738
2517
1513
91869
2639
2731
37
10165
91949
5256
256471
9180
6898
5053
5354
54875
440138
875
6559
1758
51151
4598
388552
79783
493753
10466
5538
4508
5836
5837
51251
4669
5830
139363
4000
2538
2539
3988
5194
7841
686
215
212
2717
210
2653
760
4125
5476
7389
7117
5193
8546
8540
7421
5373
1371
1373
6329
3939
3931
5264
65125
2998
6014
22845
3242
51
2997
2990
10555
538
2778
5289
65266
57192
5498
6901
9997
6519
5251
9380
4728
9382
5255
857
79803
5167
6514
84871
4723
51204
427
3815
2203
4541
4540
249
4547
847
7276
51422
2670
4512
149998
29929
257397
79053
7547
116085
4069
8504
2592
6834
1340
2235
5660
178
6609
175
10559
1738
4538
1636
183
4535
4537
4948
5236
30061
84342
84343
185
2110
9409
189
3081
5860
6337
26580
10157
57817
2629
79087
1594
3073
3074
229
2184
1593
224
11234
138050
1509
55065
5428
11136
19
1184
3373
27034
51128
84062
3145
79796
7036
54982
4247
1201
8074
1203
5649
5213
10577
2582
6341
6340
2581
5195
4513
5191
5190
4514
5192
8671
1471
8675
1352
26119
85365
5160
5162
2720
779
55670
1717
26503
5257
1807
1806
3423
6338
5447
3425
79158
28976
25839
7390
6524