3920
8859
54602
10296
55343
4026
4023
3087
285362
5820
442257
7306
5824
5828
3254
3559
3257
344
80331
8807
348
3990
5447
1798
142680
717
29851
1797
1493
7128
1497
5468
79635
7048
4683
10195
5261
79571
84233
157638
56244
291
593
57118
594
120227
140803
56052
11136
275
56832
5224
6389
2542
493856
5796
80207
2548
79728
525
79258
26258
2263
53347
5789
1234
1236
64421
79660
3586
1233
443
5009
2760
2189
445
8882
3676
100270938
6934
3784
5771
100271597
4351
25978
80059
37
36
35
34
23064
640
1244
3251
4952
644020
435
430
79667
338
335
8462
64221
100271271
3558
3291
10020
51021
255738
857
22979
8658
3516
387103
90768
204010
7415
2683
346171
116519
112817
166336
55277
116985
10562
84823
340024
23435
91949
95
8567
5184
1852
6753
1629
5189
256297
4072
8935
11321
148738
56652
3636
55384
3630
6891
6890
6898
51422
55876
5354
7074
26191
1758
51151
63826
388552
79783
9445
998
645345
5538
169026
4508
4669
3119
3118
3117
85476
7536
3112
139363
2538
2539
57624
391719
686
23025
29107
399716
2717
3592
2653
9365
84991
100270981
5078
7389
8549
7227
60685
3767
8546
8540
22836
2591
643550
9173
203228
1371
100271600
1373
22807
2158
4864
2829
3939
3931
23479
5994
5264
5993
246778
10111
9905
22845
3242
441726
4137
4436
5696
60468
169792
2113
65266
116935
83795
5498
7036
3304
3305
6927
5251
5256
4728
9382
5255
4439
84871
4723
6311
23308
51204
8809
3667
56984
4541
4540
440387
249
4544
4547
359758
7148
114904
389015
164656
29929
257397
79053
116085
4261
140902
84811
8504
2592
1340
629
5663
7919
5660
6928
178
175
100270925
7917
7916
4538
4539
80069
30061
4535
4536
4537
4948
57104
183
9401
1504
185
2110
9409
189
3081
25865
5836
10157
2629
10019
5896
5897
11232
3284
11234
6048
138050
1509
55065
440138
3141
19
100270859
8074
864
27034
84062
155061
11132
4650
54982
54664
54665
4760
10477
9380
5213
10577
9055
4008
493753
5195
5194
5191
5190
5193
5192
168850
9896
1471
3976
65125
204
26797
779
6231
117289
7103
79087
9709
167826
57817
54901
2235
135154
5937
79158
1591
9479
4306
677828
8625
2184
8622
5095
4125
5506
100131609
3651
3172
2521
3122
3123
3120
3127
50484
540
63951
283460
267015
267017
29978
339896
2243
352961
7391
7390
9370
5144
9374
284119
6446
22920
389203
64375
6448
5341
5619
6569
79970
100270950
89781
2068
2799
410
411
412
340460
4976
53940
2065
139716
3949
55328
5395
1029
221527
11200
391524
10128
253013
8443
1230
84320
7369
4281
4286
116028
5091
5092
4126
5096
55423
3479
22837
9526
6821
54657
2934
54658
383
89822
431704
100271203
10221
4758
1643
1729
6770
50617
5871
8813
5972
56999
442117
26471
25949
339799
2203
7092
10665
7157
57679
1586
10666
1584
1585
79068
115352
56606
27329
2055
3145
388011
9131
2584
4277
2582
2581
7297
7299
10312
1355
2588
6521
647215
7486
6524
9861
6480
7841
4935
2895
2896
969
55120
2109
2108
6329
57178
2517
1513
1512
91869
7054
2639
2731
10165
2632
283598
256471
9180
84450
145741
9223
10363
5053
641
54875
79840
875
6559
221895
2745
4598
57505
55215
10466
23242
26580
5837
51251
5830
23274
4000
378805
7507
3988
351
55670
7508
3981
215
212
210
760
5476
7117
40
80737
80736
400223
57827
100147745
57829
6647
5373
1071
84226
723961
55323
283
287
8638
3481
4853
10133
8872
3132
3074
3643
2998
6014
29121
2990
51
729611
2997
2395
128486
538
2778
5289
388125
57192
100270827
150962
6901
22918
100270945
9997
6519
59067
6262
340598
6261
79803
5167
6514
9559
6517
57514
2176
2177
2175
2073
2072
2071
427
2074
3815
136259
1589
2888
5122
847
846
7276
4292
2671
2670
53335
149998
7421
54822
54536
7547
6833
729288
56169
6834
10554
10555
6605
54469
6609
10253
10559
1738
1636
100130239
1639
4069
5236
4744
55315
114182
84342
84343
5860
2178
84162
64135
567
1594
3073
2187
229
3077
1593
359775
2956
224
94241
5346
5429
5428
1184
3373
51128
79796
1161
4247
23101
1201
1200
1203
729816
5649
10239
4276
6341
6340
4519
3109
4512
4513
3107
4514
5491
8671
8675
1352
26119
100271063
10644
85365
5160
5162
84572
2720
2646
5996
100287887
28976
1717
26503
9217
5257
1807
1806
1804
56945
3423
6338
3425
472
6337
80018
374291
4855
25839
7466
63892