374654
23046
84871
259308
90
389136
4148
652411
2487
3127
3559
10585
10584
79158
267015
142680
1311
23657
50964
6446
6444
7046
23569
7040
7128
389203
10682
10683
7124
7048
100270956
7536
2318
2316
6654
5307
10758
415
55997
1387
53940
291
81839
120227
8600
274
23263
8443
9658
200728
4282
7369
116085
79722
196527
9782
2263
64175
2261
1235
79667
9842
2260
1836
137814
4055
4750
6775
6777
640
5871
3123
1493
344462
390283
100271278
64221
10678
10020
79659
2200
7092
859
114182
2688
115352
56606
7555
501
4758
9131
8106
4277
4276
10312
84572
56172
8074
1435
6528
40
5649
100507436
64327
2895
9755
389715
25978
157570
1513
56652
2736
2737
132884
4088
4618
7170
6899
23224
5728
54875
5352
100169835
5727
22954
4591
2033
1758
1756
7474
7476
57539
147
4313
4318
257397
1277
11170
3339
4795
8792
673
2121
1280
4154
3118
3117
4010
139363
4512
6445
83648
100129584
6442
7185
6443
3107
5176
1302
50484
760
2657
1785
8022
23592
7117
5745
7227
871
60681
8540
5479
7058
79147
4703
7050
7056
1073
25949
10665
4982
10660
28962
2010
6329
400867
3837
8675
121340
3481
55624
3135
200734
6399
3132
1482
351143
3643
6014
3248
58
149233
7253
8878
344423
3569
164832
54510
203859
3845
3844
825
2254
4488
284274
2778
1278
169792
4893
3119
7138
6452
100270827
3309
7038
9496
5251
4041
6261
6662
4049
51752
4487
23175
8707
64840
9469
5966
2074
6583
3663
10133
952
8200
4620
3265
4625
4626
4541
4540
353011
23314
7273
10599
2273
26147
56244
51059
7421
54829
50506
7546
7547
3593
55937
9241
9533
79574
79577
3516
8291
5339
8241
4538
4534
4535
9401
8820
3899
5781
26191
6366
405753
29954
205327
390594
1594
5894
359775
11232
7080
7169
5428
9499
1186
860
1184
2218
864
1180
2697
2693
2692
10491
2690
150538
6496
64419
23534
7291
54665
139285
22918
9451
729816
23345
59341
6949
5213
5211
1161
3736
958
4920
2132
389434
2131
4000
10085
3239
5191
4514
1298
1299
326
51082
3977
1292
1293
1291
1297
5289
391282
207
5167
50945
90355
779
8557
81794
392255
167826
4855
6469
5447
8481
8483
57192
1760
4853
50937