374654
653268
8626
153572
646255
2304
23362
3659
391679
3655
283491
2099
389136
4477
5820
390218
26579
3123
7517
267015
26278
1316
5144
387122
999
6447
8028
5462
100271222
125
51562
441073
1499
4233
7048
116093
392371
6794
51592
80031
79875
5305
6563
10611
4609
4978
157638
85415
2064
27030
595
5395
4214
353021
11200
23301
4072
100147754
647121
222643
4285
80205
79728
22853
367
2261
5002
79663
84790
100048912
100271596
23095
2042
25978
347292
5573
2048
5979
57509
51741
430
4340
100128390
578
571
60528
283450
2192
402123
353003
353002
222546
8125
11221
8193
339799
2834
898
644540
63892
7157
58472
27324
1033
79887
25817
346171
4276
638
80129
466
196374
7486
577
843
10568
29086
4683
100271372
4522
201163
9940
1452
8667
57178
2737
647201
4088
4089
5290
7141
401475
100189492
5889
5888
94274
84075
5728
5925
2034
83990
4595
4841
4824
2677
3911
57531
7399
4254
55214
9049
3709
8312
8313
7337
2122
26585
8082
3118
1601
100130409
84925
354
100271015
54904
23022
84312
123688
217
55504
112744
392382
131
7227
949
5071
22834
4221
83636
150094
347730
9833
28
7054
116159
4983
387044
675
80724
672
673
10884
1956
646192
11278
2494
137868
57609
23405
3845
4481
51079
3117
2255
2778
387934
352997
352995
5157
7030
10232
7032
5606
100271197
9497
152002
728484
4046
6662
51196
401237
5562
285829
4968
11281
81037
113510
51201
50805
6582
6581
6580
3817
55729
1136
3265
4626
54790
219931
23466
972
2271
6421
55190
2272
8897
79695
4293
4292
53335
643503
79058
54535
7428
5010
56169
10460
79577
4437
4436
6928
8673
6927
7015
7917
340602
27241
54796
6288
6289
7490
5546
657
26137
6041
652
2263
6049
253461
650
79083
22800
5892
80762
200315
2956
11236
4601
10
1027
728615
7031
861
220959
862
63877
4916
55892
120376
6498
4763
3119
100270908
729582
3232
3231
57497
4512
3106
11178
100133193
3973
57161
81847
324
1293
81848
22891
80319
4092
207
5168
208
55193
122525
51312
60678
100270871
8000
10371
10391
5630
80018
4856
1761
3198