56169
4276
54556
285176
55717
401237
3417
1499
10342
6927
7015
23085
79145
57670
5925
7157
7490
5546
5987
657
2034
116093
1033
140856
595
57419
100048912
324
100288517
675
4968
9375
57120
673
6098
5108
201163
51684
4771
5468
390218
4233
11236
4157
7175
8082
6392
949
4841
23187
2064
2778
8031
8030
4089
5290
7030
238
4292
353238
267015
5728
26154
580
55770
3662
4004
5727
8805
51750
3977
4595
1755
51592
51201
9950
8929
79608
58480
162967
79663
5820
3621
55193
8314
100131561
9049
3709
3265
8312
23095
8795
2271
6421
3119
3118
4914
5324
84925
473
5979
9516
79058
8915
57509
8643
7428