4303
374654
3717
4300
23048
4302
10611
8626
4609
646255
401237
4026
23362
653268
3659
8301
28992
3655
283491
2099
389136
4477
5820
390218
2521
8091
11262
5987
7249
3558
7517
51750
4600
3977
29113
23512
26278
1316
153572
675
100288517
348801
387122
999
54738
112744
9375
6098
8028
5462
100271222
125
51562
441073
1499
8021
4233
7048
116093
392371
23187
6794
51592
100270953
6793
10371
392382
2317
83636
92521
2313
6563
86123
2068
4978
157638
2060
5914
1387
2064
10801
862
595
5395
596
6598
1029
391679
11320
4522
353021
11200
645668
55892
23301
201163
6389
100147754
3817
26154
79663
4285
22834
80205
3815
79728
22853
57591
7248
1019
367
2261
57161
5002
58480
1452
9258
79145
80184
57476
8667
7399
5324
150094
100048912
8897
153090
6176
26579
8125
23092
23095
100271618
7704
1656
2042
694
1643
25978
347292
5573
2048
200942
3092
5979
3123
57509
55289
51741
5889
4340
81037
578
130540
54556
5371
571
55717
283450
3127
2192
3868
402123
353003
353002
9321
100271596
11221
84312
2000
57670
219931
898
644540
63892
7157
58472
4983
286749
79184
843
3394
4089
1033
50515
79887
80031
140856
25817
57419
346171
4276
638
7299
80129
466
5305
6498
196374
7486
57609
577
4771
2271
10568
29086
6421
11146
11322
3205
4683
401475
100271372
339799
6756
6757
4072
54949
9940
55654
7994
57178
5081
8833
10006
2737
558
647201
89884
4088
1649
647121
5290
7141
7175
338376
64324
238
100189492
727837
5888
6597
124540
26511
94274
84075
5728
285829
5450
353238
5727
221895
199713
5925
2034
2033
83990
4595
267015
1755
4841
79482
4824
2677
3911
57531
613
4253
4254
55214
1277
8314
100131561
9049
3709
672
8312
8313
55729
152002
673
8795
7337
2120
2122
4157
8082
6447
1601
100130409
4914
84925
4507
55770
7507
430
8648
8915
100271015
54904
23022
2531
4221
8643
123688
217
55504
64783
285176
100128390
11178
26585
10215
3417
131
5079
7227
5468
10342
949
5071
8013
5077
25
115761
347730
79142
2324
9833
3791
8193
7054
116159
84790
84159
4869
387044
25925
60528
80724
57120
3932
10884
1956
3131
51684
3132
285527
11278
200315
10962
113510
6392
6390
6391
2494
137868
340602
8701
23405
3845
4481
51079
3117
827
147138
2778
10320
646192
8031
8030
387934
4893
100272147
2073
5155
701
5157
5156
7030
10232
7032
5606
5144
9855
51517
100271197
128869
8522
399
352997
9497
2309
2308
4046
7015
5010
3118
6662
51196
2304
5562
89795
8805
10600
2078
4968
11281
2072
2071
8115
51201
50805
79608
729536
6582
6581
6580
162967
580
3662
1136
85415
2834
3265
4626
1385
4629
2263
4330
2255
23466
972
80018
4299
4298
55190
2272
83417
4297
5087
79695
4293
4292
29844
53335
643503
79058
4066
54535
7428
154215
5159
56169
10460
79577
57569
79827
100128431
4437
4436
6929
6928
8673
4856
7913
728484
6927
6760
7917
172
23085
27241
54796
6288
6289
7490
6988
5546
4791
27086
657
26137
6041
5168
5781
154288
79875
652
6049
27125
2115
25865
352995
650
63976
79083
27324
8379
5890
22800
5108
80762
57082
222546
2956
11235
11236
4601
2213
10
1027
5429
728615
7031
861
220959
4214
27030
865
1028
867
354
63877
4916
10499
343045
254065
253461
605
604
54986
6491
10272
285834
602
8178
889
120376
608
54790
4763
3119
100270908
10391
729582
3232
3231
2132
57497
2130
2131
4512
23305
3106
4928
4004
4005
84936
100133193
3973
9516
81847
324
100271144
1293
81848
22891
80319
9950
8929
28
4092
8398
4515
207
4094
3621
208
55193
122525
2322
51312
60678
100270871
8558
8000
6862
222643
6886
1761
57706
6887
7508
5630
5892
79476
472
473
3195
7468
64895
84168
3431
3198
83605