4303
4302
3717
4300
23048
23512
57082
4026
7249
8301
28992
5820
2521
694
11262
5987
3558
7517
51750
4600
267015
8626
100288517
348801
9375
54738
6098
8028
5462
5468
8021
4233
116093
6794
51592
100270953
10962
2317
92521
2313
86123
81037
2060
5914
1387
2064
10801
595
596
6598
1029
11200
645668
23305
26154
79663
3662
57591
1019
2261
5002
58480
79476
9258
79145
80184
57476
5324
100048912
29113
153090
6176
23092
23095
100271618
7704
1656
8091
5573
200942
3092
5979
3123
57509
130540
54556
5371
55717
3127
9321
57670
7157
79184
3394
4089
1033
50515
140856
57419
4276
7299
466
4771
4299
390218
4298
11146
3205
4683
401475
6756
6757
201163
54949
55654
7994
23187
5081
8833
10006
3868
1649
5290
7175
338376
64324
238
727837
6597
124540
26511
5728
5450
3431
5727
221895
199713
5925
2034
2033
25925
4595
1755
4841
79482
57531
613
4253
1277
8314
100131561
9049
3709
57120
8312
673
4791
2120
2122
4157
3119
949
55289
4914
84925
55770
8648
8915
54904
2531
8643
64783
285176
10215
3417
5079
1499
10342
4515
8013
5077
25
115761
79142
2324
3791
84159
4869
3977
675
4330
3932
3131
51684
3132
285527
6793
6392
6390
6391
8701
3845
2778
10320
8031
8030
4893
100272147
5155
5156
7030
9855
128869
8522
399
2309
2308
3118
401237
89795
8805
10600
2078
4968
11281
89884
23085
51201
79608
162967
580
3815
3265
4626
1385
4629
843
6421
83417
2322
4297
5087
4507
4292
29844
79058
7428
154215
5159
56169
57569
79827
100128431
23405
6929
7913
6927
7015
172
8115
27241
4066
7490
6988
5546
6760
27086
657
5781
154288
27125
2115
25865
63976
5890
6887
5108
4609
11235
11236
2213
3195
8082
861
862
865
867
3117
10499
254065
605
604
54986
6491
10272
285834
602
8178
889
608
4763
353238
8795
2132
2130
2131
6389
4928
4004
4005
84936
3973
7468
324
100271144
9950
8929
729536
8398
4094
3621
55193
343045
2271
8558
6862
6886
472
473
2000
9516
64895
84168
1761
83605