2617
374654
83605
10564
1785
1786
5727
6496
123606
3329
121512
8988
10558
79147
9289
3798
347733
3315
7050
5376
4747
1778
7840
55640
8820
2018
6862
6683
3897
51062
2705
65125
65055
10397
7846
1959
11235
7879
9907
5264
57716
16
2316
2218
4522
2736
57190
81857
6687
4488
81839
4524
22948
5649
59341
26353
3679
8139
54332
9990
3735
4552
8320
3476
4803
3236
79840
8565
80208
4000
5191
5354
7249
7248
118813
1293
9896
9897
81846
57165
1292
9420
51324
1291
79628
23503
5728
8518
4548
144165
4359
9197
5048
23095
170302
23111
9215
26580
6469
1641
8898
4914
547
50937
5631
9517
9516
7546
79152
80781
10908
54820
9927