374654
3920
114781
84623
10564
10452
27286
8301
120892
285362
5820
8864
9289
5824
7305
5828
668
1946
10895
6487
23036
80331
10585
341
8905
348
51062
717
5460
1495
3559
1103
100189469
131368
203228
4935
5308
5264
6792
2318
6658
2316
79031
2314
2315
400403
868
84233
5521
55998
56244
10801
5913
291
81839
2896
199
594
6598
140803
3778
3679
274
275
56832
4552
93986
2542
493856
80208
80207
80205
2548
51114
81622
147081
2261
1013
4211
9150
9524
5009
2760
124590
8518
4359
23095
23096
55129
2043
79955
2041
25978
8938
6507
23064
57502
3251
4952
644020
435
54805
2617
84894
335
65055
3127
64221
7345
401884
353002
10020
8195
51205
859
7412
2688
84059
7552
3897
7555
1778
54820
7273
55277
6611
374291
340024
23435
4771
7276
95
255928
5956
1629
5189
8565
5224
90167
5796
55650
51338
8831
56652
747
64332
6891
4618
644150
3060
7170
3064
6898
8890
5354
57716
7074
91147
5456
8740
5146
10939
157708
1756
79628
440836
9445
611
23503
6263
3708
8242
8243
5538
4508
4668
3119
1282
3117
4914
945
942
8028
100129583
1191
1471
1476
26260
64072
80781
23025
5173
4815
2717
1302
50484
23209
57449
60468
7957
51473
6101
5747
5071
121512
8988
3184
100270961
5582
5583
4593
5626
146057
7592
5621
27072
8492
1373
6323
2018
2153
4862
1378
10743
2010
80025
54209
54207
80036
55624
83943
11277
4035
1591
100128646
1959
5594
8291
7473
7319
5261
9901
3242
4137
6565
203859
65018
825
10599
4488
6855
2902
6606
2904
116935
7138
10665
54332
7132
5491
5256
5257
5255
6663
4723
55605
6311
146227
51204
5376
400591
585
582
583
3748
27241
1137
1135
1134
4620
4548
241
4625
921
4541
4540
166336
81615
923
7148
3394
2273
2571
1008
1006
79054
84239
10908
3593
627
8504
2592
339761
629
454
593
5663
7919
8292
6530
5664
641339
283226
7917
7916
4340
9439
4538
4539
4534
4535
4536
4537
100130889
186
56979
9409
25861
57111
7337
1123
6148
10157
160365
10347
8934
10159
390594
8575
4234
3087
10397
23230
11232
9627
11235
6403
54806
1509
15
4154
16
19
3118
5789
359758
338567
84061
55145
7401
2692
54982
54664
3112
23345
4763
83696
10404
10577
6622
148867
3236
24140
10084
6389
1967
5191
5190
5193
5192
118813
9896
9897
51324
29954
8929
2629
729816
55777
773
779
4280
117289
7102
80704
51435
6862
2332
2334
1594
3028
3662
79158
5932
79152
1760
26353
83605
162540
1140
1141
338399
1144
1145
1261
8573
8622
84286
123606
4864
8477
85300
2521
9203
3122
3123
3120
4905
2664
64231
2653
540
29119
546
547
2652
2245
267016
29978
352961
23607
5063
138050
2705
5144
387122
7399
998
6444
6445
6442
6443
4239
8022
27074
64374
6448
5341
55103
7443
554251
79970
54840
343641
6567
56922
1822
2147
6310
9570
410
411
6314
25814
129880
25953
4976
1387
926
4973
3827
337880
10538
55737
221527
113278
10438
23666
8320
253018
3476
4287
3575
5091
5092
3479
7249
7248
443
9782
367
2668
57477
54714
2934
4855
253782
65217
1330
383
100048912
445
27429
3315
254065
3798
4758
785
1641
1729
6774
155061
51185
10228
9968
112476
9846
161582
2290
56997
80184
116442
64419
9108
57674
6326
7157
2563
57679
2565
4983
7098
1585
10913
27324
6683
2055
23111
54536
9131
2584
4277
2582
2581
2580
1352
23133
1355
9451
1861
9126
11262
5654
7846
7840
965
85453
2898
11141
84100
646583
4524
4522
2892
7991
6197
6329
81857
1453
116379
2517
2512
100133941
130013
2736
3868
2731
10002
2733
10165
22920
5819
8449
57094
256471
10369
22898
64321
6535
23189
23636
23224
5053
1814
5728
123016
79840
1813
10479
875
5727
22954
2741
2036
2743
2033
267015
9811
4598
170302
55212
114798
9049
2135
10461
80975
10528
152100
26580
154881
5830
442524
11253
8912
5195
8910
55775
351
5194
55670
23271
8398
3106
54903
9927
114134
215
100131609
3132
1785
1786
5476
10919
285489
3329
92949
10083
6872
203238
401250
79147
4703
347733
6712
7050
6647
1073
7054
643680
283
678
9907
4336
677
1293
2554
2294
65125
2998
59
58
3565
51
4647
2997
1041
79738
2259
9179
538
2778
57465
352997
132789
9499
5607
4000
8139
9856
57194
5660
9990
7879
4204
6908
79809
1859
53832
4803
2780
6261
6513
450234
344558
254428
2395
5836
427
2074
54465
23498
10133
170679
952
84295
144165
10892
8450
9640
3508
846
51057
378884
8898
5080
8893
8892
8891
51422
2670
147
54822
7546
7428
2562
56169
84660
6834
2921
285513
9037
23400
6607
5339
6609
2566
10558
1738
26503
347344
1636
1981
1639
4747
5236
4744
55640
8820
65109
27120
9215
5788
5860
66037
84769
63976
728458
7415
166379
2182
3073
3074
2184
728299
25793
100271506
7080
7169
5428
57192
2218
3373
1180
1181
57190
51128
6687
158866
1741
729075
6496
9459
114327
7936
2737
1200
1203
5631
5649
59341
8106
25902
1161
3736
3735
4276
4519
3109
6346
4512
950
26766
3107
4514
26058
9516
81846
57167
57165
1292
9420
1291
339263
81704
5160
5162
84572
10075
2720
2643
8557
9197
5048
11315
9211
22948
9217
4728
54862
6469
1804
3786
6955
3785
3423
1201
90627
50937
23431
3425
472
6335
9517
25836
6239
477
4724
478
4854
7466
3198