5173
162540
2580
285513
10397
57449
1785
8622
84286
7957
10452
123606
3329
92949
5071
121512
8988
2041
5582
3798
7305
3122
3251
6647
4905
1778
7054
203228
540
29119
547
1378
283
348
80025
51062
23607
54209
2705
341
114134
10528
83943
1786
23036
100128646
27074
1959
64374
146057
55103
7443
5264
79970
54840
343641
56922
338399
4137
6310
2395
84233
2259
25814
5521
4976
254428
926
538
22920
8301
55737
6607
113278
274
8139
54332
55775
7879
4204
6908
4803
4287
8565
80208
80207
10347
3662
450234
344558
7249
7248
9570
146227
367
2074
1191
23666
6314
3748
10133
443
65018
253782
8518
144165
10228
4359
4541
27429
3315
9640
3508
785
81615
378884
493856
130013
8898
25978
147081
6507
998
23064
2670
6311
4535
1006
4973
54822
10908
9846
2617
5376
401884
84660
339761
335
4540
2290
454
65055
56997
5663
7345
5621
6606
5664
283226
166336
10558
4538
4539
1981
1639
4536
57679
4747
80331
4744
6239
10913
7415
6683
2055
3897
7555
6687
25902
644150
55129
643680
55277
9451
1861
23435
4771
7276
120892
95
7840
25793
6712
255928
1509
747
5428
16
29978
2896
4763
1180
8934
5819
51338
81857
54982
55145
155061
56652
442524
1161
64231
2733
54664
1201
1200
1203
23345
59341
26353
256471
23095
3064
3736
3735
23636
6622
5354
3236
57716
4512
950
9217
952
5191
9811
4514
65125
118813
4336
26058
9897
81846
10939
57111
57165
9420
51324
7473
339263
9896
79628
2629
8398
773
23503
23111
2521
114798
3708
4519
9197
51435
11315
5538
22948
4508
7074
26580
1804
154881
4154
9627
4724
4914
945
5631
23025
100129583
4000
9517
9516
1476
351
9907
56832
79152
1760
7466
9927