10060
54862
1302
9369
50484
2652
84623
1308
100128390
51473
5079
64848
3040
100271434
2099
6872
346711
85300
140464
4336
161582
6640
3856
8492
25771
6323
547
2152
120114
23562
1261
287
8431
5308
3762
3764
7390
23768
5146
29851
7399
54738
2702
8029
64072
10653
5468
11278
29994
5428
401089
5265
50674
3039
4734
3048
2990
7401
9901
4647
286097
4137
25817
1060
55998
4488
926
291
2778
2902
64241
60401
2904
84441
140803
3778
7991
4878
4208
728409
400652
9856
9990
9992
8320
121536
7259
1859
3476
26957
2780
6261
6662
6663
6513
3479
8661
9524
83657
23171
2660
728615
367
55742
1013
2643
9722
3662
54714
3952
124590
65217
3741
84295
100130338
11216
4359
4094
25953
7092
7903
729627
256076
79955
1729
79813
51185
55686
644
4624
84239
112476
3031
3759
10142
11093
3751
3753
117583
60529
3757
64221
79822
6530
11221
10021
2055
23414
22971
859
442216
657
387101
181
25903
84059
403301
25861
3897
3782
6468
116448
100189470
728458
2629
3875
463
1861
8575
1804
9119
100147821
11232
80975
6487
26281
7080
4685
2898
5956
26580
2890
497258
54658
79068
284217
9439
100271091
55145
8831
10228
56652
729075
5080
390345
558
10002
9451
98
2632
100271317
10369
83696
23635
64240
4613
5728
1811
4160
55650
10083
2036
93986
284252
2509
170553
170302
81704
151126
775
5167
55605
401145
611
779
60467
56311
126969
340895
26503
22822
3781
1285
1286
2581
1280
3784
1282
5443
1813
11253
387119
6335
8910
7352
6330
6331
55777
478
80781
54901
1803