123688
2615
100131609
3596
8626
3132
401157
55504
646192
2294
3658
3570
7015
7917
441376
10144
53916
6288
972
10665
7157
64375
6439
5784
80332
100132286
6046
123872
659
339829
387044
85480
5144
6794
30009
1956
6442
3560
6440
55172
1118
10568
9173
729238
7080
5265
644540
221421
1999
220959
345895
201163
3117
8701
81037
5089
51074
2064
3115
84640
4086
1080
4088
4089
6821
90865
253013
3111
653509
4613
27063
55876
1893
152002
284110
4285
2302
9940
64446
1116
55036
83544
1017
8809
6289
4093
5002
26953
1136
7941
91137
673
169026
23418
21
1285
7273
9283
27019
56946
3119
3118
8897
56244
94103
3113
1438
3122
149628
4589
57628
54904
4855
1767
51314