80864
3614
1302
762
2652
629
93589
441726
83872
6121
10210
10554
10083
10516
55812
24
221294
4901
79947
92211
7099
64218
9129
717
1071
4508
25861
3080
6247
375298
8224
5148
718
5146
728458
5145
7399
5995
9709
118663
64072
3075
25794
5654
81579
6094
6010
84140
6017
84100
3990
6295
6048
4647
1406
169522
10877
10594
26121
346007
1259
7401
3000
360023
5158
387715
7287
10002
24148
9094
6499
221527
59338
57096
343450
7936
55975
768206
84839
145226
2165
728402
123016
6785
84059
6261
5149
6103
6102
22999
6100
1524
8754
5978
8797
221416
5961
8842
7439
1258
2074
259266
54714
1797
124590
65217
778
3078
4117
2978
2979
10461
7078
26504
23418
388939
130557
114902
7148
79955
3420
83394
3426
50939
8859
1471
7422
23020
6101
83552
81494
1001