80864
3614
3080
1302
8859
762
2652
1261
93589
441726
83872
6121
10210
10554
6100
10516
55812
24
221294
5925
4901
79947
92211
7099
10585
64218
9129
717
1071
4508
25861
4867
6247
375298
8224
5148
718
5146
3769
728458
5145
7399
10529
58504
5995
84898
118663
64072
3075
343035
25794
5654
81579
6094
6010
84140
6017
84100
3990
6295
6048
4647
7439
169522
7422
10877
10594
26121
346007
1259
7401
5978
3000
360023
5158
387715
7287
10002
24148
9094
629
6499
221527
59338
57096
343450
7936
55975
768206
9227
84839
145226
2165
8322
123016
6785
84059
6261
5149
6103
6102
22999
10083
1524
80184
266722
8797
221416
5961
8842
728402
1406
1258
2074
259266
285600
23746
54714
1797
124590
65217
778
3078
4117
2978
2979
10461
7078
26504
23418
388939
130557
114902
7148
1280
79955
9709
3420
83394
3426
5444
50939
220202
1471
1001
23020
6101
8754
83552
81494
167691