1302
11093
50484
2652
84623
117583
10653
51473
64221
5079
6530
100147821
3040
6872
3751
346711
85300
728409
7903
2055
2036
9369
4160
161582
83657
442216
8492
181
6323
547
2152
84059
25861
1261
8431
26580
7390
100189470
2898
5146
728458
2629
7399
1861
8575
7352
64072
4336
5468
11232
80975
6487
26281
3039
7080
50674
55605
5428
3048
2990
1060
9901
4647
286097
4137
56652
8661
7991
29851
79068
9439
25953
55145
8831
926
291
2902
5080
116448
10002
2904
140803
3778
9451
2632
100271317
10369
400652
9856
83696
23635
497258
1859
60467
26957
2780
6261
6663
6513
3479
10083
54714
93986
1282
4685
2509
401145
81704
1013
611
1813
403301
9524
3952
2643
124590
65217
56311
84295
100130338
55686
10228
4359
4094
55998
7092
100271091
26503
1811
54862
140464
8029
5956
1803
79955
1729
5443
7401
51185
11253
3662
6335
8910
126969
55650
644
55777
340895
478
84239
54901
112476
3031