8626
4026
3655
283491
10516
7306
3122
3123
5980
3127
3559
3257
7517
26277
3854
3852
3853
29113
267016
3858
352961
7390
717
2707
2706
5346
284119
9825
5460
1493
7128
441073
5468
7124
64375
116159
91056
100507436
6794
2261
100270953
1828
89781
79875
2312
2068
412
10804
56244
2794
595
6821
136647
147409
11200
3145
100147754
253018
4280
26154
4286
2099
80205
3662
79728
100131609
340198
26258
368
367
5687
128178
64170
8517
3586
100048912
23545
100129921
780
11005
347292
5246
6772
6773
54620
2161
9733
1075
11127
577
2294
2192
3002
3558
353007
1588
64581
23534
3857
22971
353011
10913
27324
3892
147495
10318
353094
9509
4277
4276
7920
7297
7299
30008
84823
5290
267015
91
390218
135656
29086
3394
4935
344462
647121
79934
5818
55651
6775
57178
80271
3868
132884
4683
3861
3860
10161
7141
11322
401475
5889
5888
6941
5351
100130889
83990
401250
51151
4598
23765
388552
9119
147
3914
285829
4254
3918
51592
710
284382
4792
26580
10884
1281
4157
3119
5831
3117
10866
3115
4010
1289
91662
4015
4014
55770
7507
7508
57152
55851
55505
212
210
114548
1308
112744
392382
7389
80736
8546
63940
388698
3596
1832
150094
9833
7051
1371
10665
643418
122589
126410
8870
90134
675
8635
672
673
3135
3133
3132
3643
394263
149233
344423
4436
3849
3848
80326
4843
147138
538
1278
5017
134510
170680
116935
200879
5498
6148
5491
9496
9497
10758
4046
55135
353145
5317
4049
51752
387122
57514
919
208
2073
2072
2071
64840
11285
5966
309
3663
3815
127534
170679
339799
857
55806
242
1277
353010
2255
5089
7148
114904
22861
2175
4292
53335
23385
135644
54535
3593
80862
3595
117581
5663
10554
10555
121391
60401
5339
7015
10255
4340
84952
54796
3691
3692
4948
1736
9401
5781
2263
6048
404672
84343
2121
729582
3872
221527
5892
5894
3077
224
11234
2212
3887
5429
27032
4214
3118
3889
4916
100130409
84062
100129192
285834
53347
3113
84648
3909
729816
59344
1896
100270908
4000
3106
3107
646520
11074
100133193
57161
3112
81847
170553
5462
1290
22891
1294
80129
207
177
5168
113189
2615
59067
831
7940
81794
488
10371
1643
1041
56946
2235
473
2006
89870
4856
4855
9692
79803