1736
9733
55505
212
210
114548
8626
118429
1308
2235
7389
5339
3655
8546
10516
1832
7306
26277
3691
7051
4792
4948
3257
1371
3857
643418
3852
3853
117581
3892
404672
3858
84343
9509
7390
126410
7299
2707
2706
3889
30008
84062
51151
3077
388698
224
11234
2071
91056
4935
3887
128178
5429
1828
5184
89781
27032
79803
2312
2068
4436
412
10804
3848
80326
3854
3868
132884
5017
136647
3861
3860
3909
11127
1075
5498
3145
1896
4014
1893
5818
488
26154
4286
5351
7015
55135
5317
2615
57514
26258
368
2073
2072
4598
64840
11285
3872
1294
388552
1278
8517
3914
3815
113189
127534
55651
1290
3918
3849
81794
242
59344
1277
56946
23545
2121
1643
1281
10913
11005
5831
1289
91662
4015
4292
7507
2006
9401
7508
57152
284382