9071
4026
259308
10516
7306
100130988
5980
3559
3257
7517
3857
3854
3852
3853
3858
11181
717
2175
1797
710
5460
1493
167826
441073
5468
7124
91056
4683
474354
6794
4734
1656
6654
2312
84547
10804
56244
595
136647
147409
3145
100147754
647121
26154
79722
80205
79728
100131609
340198
26258
2263
64175
2261
54899
64170
8517
3586
23545
11005
3092
640
2161
645950
9733
242
8341
3558
5133
11221
857
22971
3516
3899
3892
90355
84823
5290
267015
91
390218
135656
29086
3394
100507436
1997
5818
55651
132884
63940
401475
57713
5352
5351
26191
83990
51151
347292
23765
388552
9119
147
387122
414777
4254
1277
284382
2121
1287
1286
1281
4669
3119
3118
3117
100130409
3115
1289
91662
5462
57152
5176
114548
1308
23592
7389
8546
60681
388698
1832
23
9833
1371
10665
643418
387046
122589
126410
286016
90134
10884
200734
11277
401089
8870
3569
164832
729627
7918
3845
3849
55024
80326
55937
1278
116935
200879
5498
3309
6148
5491
10758
4046
4041
4439
353145
5317
4049
51752
64840
11285
5966
6583
3663
3662
11120
55806
4627
7128
57661
7148
114904
26147
79692
7141
83648
3593
3596
3595
629
5663
4436
121391
60401
177
7917
7916
4340
3691
3692
4948
9401
6048
404672
6366
5781
375616
1285
349158
729582
3872
5892
5894
11234
4157
138050
3887
2113
728615
221584
27032
3889
4916
84062
100129192
10491
285834
53347
54665
84648
3909
11127
3112
5211
4000
326
170553
22891
150221
207
208
2615
7100
831
81797
81794
1041
100130756
57705
2235
7185
29777
8626
9474
3655
283491
2099
11118
696
3122
3123
3120
3127
26277
267014
29113
267016
1460
352961
7390
2707
2706
284119
9825
23569
367
64375
116159
6448
51592
100270953
1828
89781
79875
170680
2068
2799
411
412
1380
2794
4214
221527
11200
10125
253018
4282
4280
10340
4286
368
730070
5687
128178
6821
100189529
100048912
259197
353094
780
1643
6775
5246
6772
6773
54620
10866
1075
577
2294
2192
25780
3002
3009
2200
1588
64581
394254
115352
27324
147495
10919
10318
100129921
7292
9509
4277
4276
7920
7297
7299
30008
2588
121260
4935
344462
3687
79934
3684
57176
57178
80271
3868
3861
3860
10161
11322
5889
5888
6941
875
100130889
871
389203
4598
4843
3914
285829
3918
11170
4795
4792
26580
7332
5831
1235
4010
4015
4014
55770
8859
7507
7508
55851
55505
212
210
112744
392382
80736
5479
401250
150094
1773
78994
7051
389715
115509
121340
675
8635
672
673
3135
3133
3132
3643
394263
149233
2990
100293534
2255
147138
344423
538
10320
64288
5017
4893
100270827
9496
9497
59067
353007
55135
57514
919
80129
2073
2072
2071
309
3815
127534
170679
339799
3848
353010
353011
5089
22861
4292
53335
387117
23385
135644
54535
80862
117581
100189539
10554
10555
5339
7015
10255
84952
54796
1736
134510
84343
3113
10913
80760
3077
224
2213
2212
5346
5429
3373
720
721
23534
729816
59344
1896
283165
100270908
958
4920
3106
3107
646520
11074
100133193
57161
81847
639
1290
1294
2720
5168
113189
7940
488
10371
56946
3423
3425
473
7741
2006
89870
4856
4855
9692
79803