23512
153572
646255
22853
23362
391679
3655
5071
22834
389136
4477
83636
26579
11278
8193
7054
4983
8626
1316
100128390
675
999
672
5462
100271222
2263
1499
4233
116093
80031
5305
6563
137868
10611
23405
4978
4481
157638
2255
2064
5010
595
23466
7030
11200
100271197
23301
84790
728484
7015
6662
55729
653268
401237
898
4968
11281
367
2261
50805
6582
6581
6580
3817
79663
5820
3265
219931
2271
6421
55190
25978
2048
4292
122525
79058
54535
430
7428
81037
578
56169
60528
4437
4436
402123
6928
222546
27241
54796
54790
387934
7490
58472
5546
6041
200315
79887
253461
638
79083
196374
22800
5892
80762
4609
2956
390218
11236
4601
10
10232
100271372
201163
6498
5290
401475
100189492
5889
340602
94274
3232
84075
5728
3231
221895
8673
5925
3973
2034
1293
81848
80319
4841
4824
2677
207
57531
7399
55193
4254
55214
3709
10460
60678
100270871
8000
7337
8082
949
5630
84925
354
51312
1761
63892