79663
5310
4306
449493
760
81494
10863
5190
23362
7225
6519
200420
6665
5076
8542
3557
83636
353329
6648
5824
54901
5828
11112
7056
126969
10665
4868
407977
80832
2152
8626
23607
3939
142680
718
7809
29851
26011
2628
221416
84902
5462
128822
22925
6092
4233
116093
23562
6569
4643
3031
286097
100271317
4609
5696
1060
28991
284274
988
595
23466
6582
120227
65266
340895
3709
7030
11136
898
728409
6563
22918
9658
81
8029
100270946
6781
7369
5251
9380
64423
100270916
5311
51196
6514
57619
5314
525
4968
11281
2261
57575
346711
100271209
340024
9526
55589
26957
11122
3265
4257
4627
150280
7903
4920
10460
2271
6421
1729
8897
100130338
51422
79611
50617
55686
389840
7422
79058
3123
4952
5972
51071
7428
3758
30011
8504
3751
646195
629
117583
8741
1471
116448
8082
10255
7029
27241
7092
1636
2056
8000
7490
5546
183
55214
185
200315
9409
189
112817
29956
10312
256356
6521
1594
26281
3075
3077
100147821
9027
390218
4603
11236
23780
56965
10
3119
1188
4760
1187
1184
949
4179
201163
8661
3116
254778
204474
8395
554
551
8074
6744
100271091
158222
23635
6340
6557
5195
6559
5193
5192
403301
5925
8671
2034
6909
1758
65125
5800
4841
9153
449492
3913
7421
5167
57531
401145
55193
2646
56311
493856
90859
60677
6262
7827
8416
1285
1287
1286
1803
5830
3118
3117
58500
3426
84925
6337
29107
55670
4855
6338
7466
359
6524