3717
170690
677828
8622
10512
2212
1946
10895
728299
255738
8658
341
29113
267016
348
2243
1909
352961
84439
54805
5144
387122
710
7046
1495
392374
7048
646583
5308
5593
55109
728553
2147
100127911
4973
595
337880
6597
81832
6387
23302
253018
7247
7369
4280
343727
401492
8882
340198
368
2261
2266
100130239
79660
3586
2934
1330
100048912
153090
100271596
780
2043
4815
79614
128611
2161
2160
347273
84898
56996
4540
653163
4638
353007
2200
100270844
57674
2565
66037
63951
9509
4276
375056
267015
5654
94
58504
9992
814
4524
79934
143872
83478
22882
8938
80271
4088
4089
5294
55973
64321
5054
5351
3431
100130889
6101
100270983
3184
400591
266722
5921
157708
29761
1278
285829
9445
1277
1284
4018
1281
948
1282
10866
1289
1471
3988
351
153020
23022
91461
3106
217
2717
23209
283652
56979
490
203238
100270961
5583
5629
28
27072
84159
2153
23294
23293
7804
7809
80036
10529
3135
4035
1952
283849
100147745
65125
8870
59
149233
3565
8701
57608
55759
65264
170680
116935
132789
27436
27063
4205
49855
441525
4040
6263
90627
7917
51196
4048
51205
1879
11285
3667
285600
3662
170679
100271444
241
4541
4629
353010
353011
51438
84722
83417
729992
79192
1008
54535
7428
154215
129684
80862
3595
339761
2921
100131893
1874
114036
9037
7015
10255
4340
4538
1636
100130537
4535
128609
183
652
8613
26031
659
10400
10151
25902
8777
153339
3077
22808
11235
10743
100271506
6403
5340
28951
51128
2022
51530
54984
729075
54986
79659
285834
889
729816
6943
11173
6148
6346
11245
26766
3107
80310
1290
51320
168455
4094
113189
340351
8997
5444
472
6335
7468
5932
201456
100147818
221692
4854
347704
83605