7128
23046
7117
259308
116085
3123
3127
3559
25949
10665
267015
389715
400867
3837
3135
200734
1493
23569
167826
3132
6014
149233
344423
164832
10758
56244
55937
100270827
23263
200728
79722
84871
196527
51752
90355
389203
7536
5966
1235
79667
3663
353011
4055
26147
53940
640
5871
257397
83648
7547
3593
390283
100271278
7092
3516
114182
56606
6366
4276
359775
344462
2895
864
10678
23534
54665
729816
5649
9755
5211
958
11170
54875
10085
26191
3107
40
326
5289
147
391282
3899
6446
3119
3118
3117
139363
4855
7185