100131609
7128
9071
3132
84991
60468
7917
26471
5747
80737
80736
10340
400223
3710
401250
11118
442257
4234
696
100130988
23
3122
10892
3120
1591
3127
7054
11116
10665
10666
78994
407977
723961
267014
29113
267016
267017
389715
387046
352961
115509
678
286016
3481
54207
8635
677
1797
9374
3135
23274
200734
1493
23569
9474
167826
389203
246778
100189469
64375
79970
8870
100271063
554251
5594
29121
646702
6565
344423
2315
164832
10554
25780
5696
3123
84547
55024
55584
923
56244
2065
259308
55937
10320
55328
199
64288
169792
6821
10538
352997
116935
221527
388011
387122
100270827
399
6148
8449
267015
449492
449493
4280
283598
3663
79722
8935
54899
10255
3087
353006
55423
6311
919
90355
730070
1656
100189529
5966
1235
1236
23498
3586
5820
9526
56984
170679
100271203
11120
645950
921
26797
57827
150280
23095
353011
259197
4758
359758
7292
7148
3394
26147
4295
6775
79692
3092
640
387117
11262
644020
139716
430
3593
7297
56169
80862
100271600
629
9844
100189539
8741
2294
8320
5771
7919
7918
83648
6605
394263
100271271
353002
8341
100270925
3009
440387
23242
7412
22979
23534
80069
474354
965
7936
3516
394254
387103
11170
3899
7916
115352
26191
100130756
27120
6665
2113
6366
10919
375616
57661
349158
4277
1504
160365
639
4279
64135
131368
1594
10019
57176
80760
3075
64332
121260
780
8477
6048
7132
114904
868
54806
4439
5341
1997
344462
221584
6753
3118
3687
969
3684
6774
51646
3116
22925
25865
1512
10318
285834
53347
54665
63940
8897
3630
729816
6891
6890
11181
5211
81606
2914
6941
283165
55876
3304
4276
4008
958
57713
3305
3109
3106
3107
100130889
53832
5491
8740
717
22898
135656
326
3976
253018
150221
150223
147
5796
55384
116379
414777
440836
1460
117289
3559
2135
81797
10461
152100
84769
1041
7332
3119
5460
3117
84162
100129192
7253
942
3112
148867
8859
7741
54536
80018
57705
29777
4855
6231
7185
399716