217
51196
677828
4048
1308
85397
503648
100128390
283652
10512
100271434
2099
203238
23293
51305
100270961
7306
3595
5629
7247
100147745
1946
10895
1071
255738
8658
25771
728553
341
2153
29113
267016
23294
646583
401492
2243
352961
84439
2212
7809
340198
387122
5593
10529
3135
9709
4035
8622
1952
283849
392374
11278
27072
29994
5308
8870
80036
149233
170680
26766
8701
114036
4978
55759
144638
100127911
340596
9037
286144
337880
4311
65264
81832
284217
116935
55521
132789
2890
27436
6387
6148
121536
253018
49855
7369
4280
6263
90627
343727
100147818
170690
55133
401237
8882
50945
64848
520
51205
25817
55742
1879
2266
23007
100130239
9722
285600
3586
170679
1330
3152
55801
100048912
153090
57608
100271596
353010
353011
221692
79750
780
2043
4815
100271444
729992
7709
79614
79192
1008
25871
23768
128611
10866
54535
154215
129684
120114
80862
347273
339761
58504
56899
84898
9531
100131893
1874
57118
79822
51438
1909
653163
441525
10255
4340
2200
6031
143098
100270844
57674
100130537
3458
6597
2565
7905
128609
84441
387101
652
56979
8613
66037
26031
63951
10400
25902
10151
25903
2581
353007
8777
463
814
98
56996
51741
169044
267015
153339
3077
3667
22808
729816
728299
10743
100271506
54805
84722
348
79934
143872
28951
57172
83478
2921
22882
8938
80271
51530
54984
729075
54986
390345
79659
285834
5294
9452
4018
55973
6943
23522
401470
64321
387119
100270908
4276
11173
91653
9992
375056
6346
11245
3106
3107
100130889
6101
100270983
3184
400591
266722
80310
157708
9960
65125
29761
151126
28
168455
771
285829
340351
23302
22822
490
10371
3782
1284
79660
3781
7917
1282
387882
2160
6662
284252
3988
5932
201456
153020
80896
91461
347704
1495