162540
344558
10452
8301
92949
10347
203238
100270961
3122
1946
5621
203228
29119
341
4862
1378
646583
23607
4336
998
22920
23271
1495
100128646
27074
27072
5308
80036
79970
79031
56922
400403
4137
926
9037
337880
57111
132789
274
56832
728299
6263
90627
4724
450234
84286
254428
51205
147081
23666
3662
253782
285513
1330
10228
9846
81615
2043
130013
2041
155061
338399
1008
100048912
79054
114134
84660
84894
339761
2921
4905
454
401884
283226
100271506
57674
51435
2565
10913
66037
10404
2580
63976
25902
120892
64231
54805
85453
4815
10895
8934
5819
51338
8938
729075
442524
9108
9451
644150
64321
6622
6346
1191
26766
952
9811
6101
56979
3184
400591
643680
157708
23036
65125
7473
339263
1006
1804
945
100129583
7074
6239
5932
4035
23025