100131609
7128
9071
3132
9474
259308
10340
11118
696
100130988
23
3122
3123
3120
3127
3559
10665
267014
267015
267016
389715
387046
352961
115509
286016
717
387122
1797
3135
200734
1493
23569
167826
389203
401089
8870
4734
344423
164832
729627
25780
84547
55024
56244
55937
10320
64288
221527
100270827
3684
79722
78994
54899
7917
919
730070
1656
100189529
5966
1235
3663
100130756
170679
11120
645950
353011
259197
57661
780
3394
26147
6775
79692
3092
640
387117
83648
629
100189539
2294
7918
394263
8341
3009
7916
11221
23534
474354
3516
394254
3899
26191
2113
6366
10919
375616
349158
4277
4276
639
80760
29113
121260
7148
135656
4439
728615
1997
344462
221584
57705
3687
1460
57176
100129192
10318
285834
54665
63940
7292
729816
11181
5211
6941
283165
958
57713
11170
3106
326
150221
414777
90355
81797
7332
3119
3118
3117
3115
3113
3112
8859
7741
29777
4855
7185