1788
3717
345611
10067
23046
56677
6122
728010
120892
2524
100130988
11262
55054
3559
11116
134288
25824
544
163486
80315
677
84624
441108
253430
100271063
149233
4485
157638
10320
8600
5155
23308
150962
100271352
343727
8209
8807
6304
64170
63027
3586
5820
8204
56984
8453
2646
5771
283234
10221
8863
85027
6774
9966
284358
64167
3593
2615
56169
100271600
2297
5334
2805
131096
84619
339479
64407
7297
1201
100271305
647215
80762
359779
7332
6354
326275
159296
144811
57178
746
4088
56301
55876
1050
6347
356
26191
60468
8927
3976
22891
147
91975
10171
134008
55600
117289
5734
56946
1601
8477
8995
124626
64127
91272
54901
639
63892