100131609
1236
10296
8622
9861
8549
26471
80737
80736
3767
400223
22836
22837
442257
643550
57827
3122
3123
3120
3127
7054
54602
10666
63951
283460
267015
267017
54901
352961
145741
8638
3481
5144
1797
9374
10529
23274
1493
84991
3132
246778
64375
9905
29121
723961
3304
7919
5696
128486
340460
56244
2065
139716
55328
57118
388125
169792
55323
116935
221527
60685
253013
10239
3305
5491
340598
4439
1852
55423
389203
6821
100130239
285600
3586
56984
89822
100271203
136259
8567
6934
5771
440387
100271597
378805
5122
4758
166336
7148
114904
79068
9559
53335
389840
644020
54536
56999
140902
30011
79571
629
729611
6605
283598
100271271
10253
100270925
7917
7916
23242
339799
22979
80069
10665
2888
3559
3516
4544
387103
204010
115352
1504
6048
5789
25865
53347
4277
4276
7297
10644
64135
84898
10019
2184
3667
116985
3172
3087
94241
58504
3119
5184
83795
6753
55384
969
8935
100270827
6480
1512
388011
54665
3630
729816
6891
6890
55876
9055
10363
4008
3109
9223
26191
3107
60468
221895
168850
717
266722
2745
3976
100271063
63826
10554
26797
54469
6231
100271600
645345
7103
677828
169026
3784
3118
3117
84162
3112
135154
5937
8859
8872
430
80018
57624
4855
399716
4853
7466
63892