100131609
1236
84991
26471
80737
80736
400223
442257
57827
3122
3123
3120
3127
7054
10665
10666
267015
267017
352961
717
1797
9374
23274
1493
3132
246778
64375
29121
10554
5696
56244
2065
6605
55328
169792
116935
221527
100270827
3304
3305
5491
4439
55423
389203
6821
723961
3586
56984
100271203
5771
440387
4758
7148
114904
644020
139716
430
100271600
629
7919
3559
283598
100271271
100270925
7917
7916
23242
22979
80069
3516
387103
115352
1504
6048
25865
53347
4277
4276
7297
64135
10019
6753
55384
969
8935
1512
388011
54665
3630
729816
6891
6890
55876
4008
3109
26191
3107
60468
3481
3976
100271063
26797
3119
3118
3117
6231
3112
8859
80018
4855
84162
399716