100129176
1788
3717
8927
345611
7128
217
23046
91975
3132
2615
4026
8986
7227
6122
728010
643
359779
10067
2524
3554
347730
100130988
6447
57707
9173
3120
55054
3127
3559
11116
25949
134288
25824
8807
544
55765
163486
267015
25943
29117
400867
2859
85480
356
5144
677
999
26839
84624
120
23274
5996
441108
125
167826
11273
8125
80724
728615
253430
5619
5820
149233
9681
2835
400935
2494
5307
4485
57609
6311
25817
3123
157638
85415
51074
64170
53942
2903
10320
100129017
100270859
387934
4092
8600
5155
91828
23308
7032
2768
150962
100271352
56984
3676
2308
4046
3579
222643
5796
343727
6304
3577
51196
4126
5562
51750
388722
57511
59067
221416
85407
140717
1656
8809
54546
100132382
127281
1201
63027
1230
55892
3586
1233
55722
8204
8667
1050
50863
55600
65992
23252
8453
2646
9844
5771
431704
100271596
2834
23095
10221
8863
359758
3394
5734
6774
359750
3558
389015
9966
643503
284358
57057
11262
100129306
9555
54535
1001
64167
3593
3592
56677
56169
4664
3595
100271600
28
133690
2297
283450
2294
23406
7850
5334
64224
116028
150280
11221
2805
131096
1738
257177
644540
282616
3458
100271520
100132286
8209
8690
282617
6689
26137
571
652
3704
650
84619
91526
2113
112744
23534
375616
133688
339479
64407
4276
159296
7297
639
466
100271305
10391
10018
54361
653437
80762
22806
5898
120892
3172
64939
326275
11278
2212
6354
5341
402569
7031
861
220959
283234
85027
864
647215
63877
3117
120400
1452
144811
57178
944
2829
3084
746
4088
3113
120376
56301
5979
401475
23228
64241
64240
56946
55876
57396
647201
51300
7132
6550
1811
6347
124626
11200
26191
60468
1611
80315
266722
327
26585
3976
22891
29851
10477
7422
147
8771
391282
3911
2720
10171
134008
146198
117289
387495
25769
219771
5462
3663
11315
100271531
4790
647076
57497
5890
57154
1803
7332
3119
3118
1601
54901
3115
79258
8477
100271063
8995
8764
64127
3575
57514
100271015
9923
84162
6581
91272
63892