100131609
3710
9055
10296
112744
8622
9861
8549
26471
60685
80736
571
400223
22836
22837
5820
442257
643550
57827
23
3122
11278
3120
28
3127
7054
11116
54602
10666
9905
63951
56169
283460
29113
267017
54901
352961
145741
80737
8638
3481
5144
1797
9374
10529
23274
1493
84991
51562
3132
246778
64375
392371
394263
8872
29121
646702
723961
3304
7253
7919
81037
3123
340460
55584
56244
2065
139716
55328
57118
388125
169792
55323
116935
221527
2494
7031
7032
253013
100271197
399
3305
5491
832
100270925
340598
83657
4439
1852
54469
2304
387934
7916
55423
389203
3767
128486
6821
1236
285600
3586
55729
56984
54796
89822
100271203
136259
8567
6934
5771
440387
100271597
378805
5122
4758
166336
440574
7148
114904
4295
79068
2252
9559
53335
389840
196951
399716
644020
430
56999
140902
578
30011
80862
79571
629
729611
4279
6605
283598
100271271
10253
7015
7917
353006
23242
339799
2834
22979
79887
80069
10665
100130239
2888
3559
3516
4544
387103
5696
204010
115352
1504
6048
5789
25865
53347
4277
4276
677828
7297
10644
64135
84898
10019
267015
80762
2184
3667
116985
3172
3087
94241
58504
3119
5184
344462
6753
55384
969
63877
8935
100270827
6480
1512
25817
285834
388011
286749
54665
3630
729816
6891
6890
647201
63826
2914
55876
10239
10363
3232
3231
3109
83795
9223
26191
3107
60468
221895
168850
717
3973
266722
2745
3976
81848
100271063
8635
4008
10554
26797
4094
4254
100271600
645345
7103
3117
169026
84312
57706
3784
3118
1601
84162
3112
135154
5937
8859
54536
80018
4853
57624
4855
1761
6231
7466
63892