3710
22930
718
23
1071
10665
402184
29113
267016
84898
3990
352961
8224
8870
4336
8635
387122
1797
10529
3135
9709
1493
394263
100270952
149233
646702
7253
170680
10554
4137
55584
926
360023
116935
221527
5156
399
6148
728402
4280
4285
353007
340198
221416
80122
10877
285600
3586
3662
59338
170679
100048912
353010
23418
118663
780
4295
440270
5978
7422
2165
10228
10866
54535
80864
80862
3595
629
54499
441726
390616
11116
10255
353006
4340
259266
857
858
353011
115352
6048
3080
4276
4279
3075
267015
3078
7148
5654
81579
58504
344462
57369
729075
387715
285834
7936
6499
9451
4016
343450
2914
3106
3107
100130889
221294
717
266722
5923
253018
729816
285829
8797
3119
3118
3426
8859
81494