8626
10863
23362
28991
56169
200420
8542
346711
83636
3123
11112
10665
407977
2152
7369
29851
84902
8029
22925
80832
23562
6569
1060
3031
6563
7312
100271317
5696
55589
51071
595
23466
3709
8395
728409
286097
100271197
9658
100270946
6781
449493
6262
100270916
57619
6665
898
26011
221416
57575
6582
100271209
9153
5820
9526
100130338
100048912
55214
7029
7903
23780
8897
11122
139189
79611
126969
389840
7422
340895
284274
5462
30011
10460
3751
646195
117583
8741
6928
116448
10255
150280
54796
7092
200315
29956
2628
256356
3075
4609
100147821
9027
390218
4603
26281
56965
10
8082
2646
4760
949
353329
8661
254778
204474
286749
22918
6744
58500
100271091
158222
23635
51422
57706
3232
3231
128822
3973
2034
6909
449492
9603
403301
26957
401145
4257
56311
55686
90859
60677
8000
8416
1803
3119
3118
3117
3116
1471
4855
54901
29107
63892