1788
3717
8927
345611
7128
23046
3132
2615
6122
728010
359779
10067
5820
3554
8863
3575
11262
55054
3127
3559
11116
134288
25824
8807
544
55765
163486
29117
400867
2859
85480
677
84624
441108
167826
11273
253430
100271063
149233
2835
5307
4485
157638
54546
10320
8600
5155
23308
63027
150962
100271352
2308
4046
3579
3663
343727
6304
3577
8209
57707
51750
57511
221416
85407
140717
64170
127281
2768
3586
2524
8204
56984
55722
653437
55600
23252
8453
2646
5771
150280
10221
100130988
3394
85027
6774
9966
284358
7422
3123
100129306
9555
54535
1001
64167
3593
56677
56169
3595
100271600
2297
2294
23406
7850
5334
283234
2805
131096
1738
257177
3458
100271520
219771
356
84619
375616
339479
64407
159296
7297
639
8771
100271305
647215
54361
80762
120892
3172
326275
2212
6354
402569
400935
3117
120400
144811
57178
944
746
4088
56301
56946
55876
1050
6550
1811
6347
8764
26191
60468
1611
80315
327
3976
22891
147
391282
91975
10171
134008
146198
117289
5734
11315
57154
7332
1601
1201
8477
8995
124626
64127
9923
54901
91272
63892