153572
646255
22853
391679
3655
22834
4477
26579
7054
4983
7399
5462
100271222
367
11278
401237
80031
2492
5305
10611
81037
157638
2255
5010
79887
9651
23301
728484
7015
6662
6660
653268
100128390
55423
2263
50805
6582
6581
6580
3817
55729
219931
140885
25978
340602
2677
54535
430
578
100271372
402123
6928
222546
8193
54790
387934
4824
58472
253461
638
79083
196374
80762
4609
389136
359941
139189
6498
401475
100189492
94274
84075
5192
8673
1293
81848
55170
80319
137868
84790
55190
4254
122525
60678
100270871
7337
5630
354
51312
1761
63892