100131609
1236
339896
10296
8622
79635
9861
8549
26471
7227
60685
80736
3767
400223
22836
22837
442257
643550
57827
3122
3123
3120
3254
3127
7054
1071
8658
10666
9905
63951
283460
267015
267017
2158
54901
287
3990
352961
145741
8638
3481
5144
1797
9374
9709
1493
84991
3559
3132
246778
64375
8872
29121
100270950
723961
3304
729611
5696
128486
157638
100270981
56244
2065
4023
729288
55328
57118
388125
169792
391719
55323
116935
221527
80737
391524
253013
22918
10239
3305
5491
84320
6262
340598
4439
1852
3479
8882
100271600
84226
55423
54602
389203
7919
6821
100130239
79660
3586
84450
56984
89822
100271203
136259
100270938
6934
340460
5771
440387
100271597
378805
5122
4758
166336
7148
114904
79068
80059
9559
53335
644020
139716
57829
430
56999
140902
442117
79571
629
441726
6605
283598
100271271
10253
100270925
7917
7916
23242
339799
22979
80069
10665
2888
84811
3516
100147745
10221
387103
90768
204010
100270945
115352
1504
6048
5789
25865
53347
4277
116519
7297
10644
64135
10562
10019
22807
2184
3667
116985
3172
3087
94241
8567
3119
5184
83795
6753
3118
55384
969
8935
100270827
6480
1512
4544
388011
54665
3630
729816
6891
6890
11321
55876
9055
10363
4276
4008
3109
9223
26191
3107
60468
221895
168850
717
2745
3976
100271063
63826
10554
26797
54469
2646
645345
7103
100287887
677828
169026
3784
23274
3117
84162
3112
135154
5937
8859
54536
80018
4853
57624
4855
399716
6231
7466
29107
63892