217
120114
1308
283652
100271434
2099
28
255738
8658
25771
63951
23294
23293
84439
23768
7809
56996
1952
283849
11278
29994
5308
57608
25817
55759
6597
65264
284217
6387
9992
121536
6662
170690
100128390
8882
64848
55742
100130239
9722
79660
100271444
100048912
84722
7709
9960
79192
387119
9531
1874
114036
79822
653163
51530
84441
387101
25903
25902
10400
10151
8613
375056
463
98
3781
22808
54805
10743
2890
729075
390345
79659
55973
6943
11173
2581
80310
221692
151126
771
22822
3782
1284
4018
1282
284252
3988