100131609
9071
9474
10340
11118
696
100130988
23
3122
3123
3120
10665
267014
267015
267016
1460
387046
352961
11181
474354
717
387122
1797
7128
3132
394263
25780
84547
55024
56244
10320
64288
221527
100130756
78994
7917
730070
1656
54899
3663
100189529
170679
11120
645950
259197
57661
780
6775
79692
3092
640
387117
83648
629
100189539
7918
8341
3009
7916
23534
394254
2113
10919
10318
7292
4277
4276
639
80760
29113
121260
7148
135656
4439
1997
221584
57705
3687
3684
57176
375616
285834
63940
349158
729816
115509
6941
283165
57713
3106
286016
8870
150221
414777
81797
7332
3119
3118
3117
100129192
3112
8859
7741
29777
4855