10611
8626
153572
10863
646255
401237
23362
28991
391679
3655
200420
128822
22834
389136
4477
8542
346711
83636
26579
3123
11112
7054
22853
4983
407977
2152
7369
29851
26011
7399
84902
8029
100271222
367
11278
200315
80832
23562
6569
80031
139189
122525
3031
6563
100271317
81037
157638
55589
2255
51071
5010
2492
595
23466
3709
5305
8395
9651
728409
286097
22918
23301
9658
100270946
100271209
6781
728484
7015
6262
100270916
6662
6660
653268
57619
387934
6665
898
55423
401145
221416
2263
50805
57575
6582
6581
6580
3817
9153
55729
9526
100130338
55214
7092
150280
219931
140885
23780
25978
11122
340602
79611
126969
389840
7422
2677
340895
284274
54535
430
100128390
5462
578
30011
10460
3751
646195
117583
8741
100271372
402123
6928
116448
22925
222546
10255
7029
8193
7903
54790
79887
10665
4824
58472
5696
403301
253461
638
79083
256356
196374
3075
80762
4609
100147821
9027
390218
4603
26281
56965
10
3119
2646
4760
949
359941
353329
8661
354
254778
204474
1293
6498
6744
58500
100271091
158222
23635
100189492
51422
94274
84075
8897
5192
8673
29956
2034
6909
2628
81848
55170
80319
137868
449492
84790
449493
26957
55190
4254
4257
56311
401475
55686
90859
60677
60678
100270871
8000
8416
1060
7337
1803
8082
3118
3117
3116
5630
1471
51312
4855
1761
54901
29107
63892