952
7128
23046
7117
259308
116085
652411
3123
7056
3127
3559
25949
10665
4982
10660
10584
267015
389715
400867
3837
3135
200734
1493
23569
167826
3132
351143
100270956
6014
149233
344423
164832
10758
205327
54510
8707
3844
10599
56244
284274
55937
100270827
23263
22918
9658
200728
79722
84871
196527
51752
389203
7536
5966
1235
79667
3663
10133
353011
4055
1435
26147
25978
53940
51059
640
5871
257397
83648
7547
3593
23657
79574
79577
390283
100271278
7092
3516
114182
56606
6366
501
4276
359775
389136
344462
2895
864
150538
10678
23534
54665
729816
5649
9755
5211
958
11170
54875
10085
100169835
3107
40
326
3899
5289
147
391282
90355
26191
8792
6446
3119
3118
3117
139363
100129584
4855
7185