123688
217
55504
285176
8626
3132
112744
646255
22853
580
23362
131
7227
391679
3655
283491
22834
4477
83636
8673
26579
4276
11262
28
3127
7054
4983
57161
29086
29113
571
26278
387044
153572
100288517
577
5144
387122
7399
57609
10884
6447
8028
5462
100271222
125
51562
441073
8125
80724
116159
392371
2304
113510
100270953
80031
392382
79875
5305
6563
86123
10611
8701
81037
157638
85415
827
5010
10320
595
23466
6582
352997
352995
3709
2494
353021
7031
7032
645668
9855
100271197
128869
100147754
9497
729536
728484
4046
26154
222643
4285
7015
2099
80205
51196
653268
401237
5562
55289
898
51750
728615
2263
51592
50805
79608
4214
6581
6580
58480
3817
3117
5820
57476
1136
999
100048912
6176
347730
100271596
219931
23095
2255
100271618
3394
25978
347292
7141
340602
53335
643503
25865
2677
3123
54535
430
100128390
578
56169
4916
283450
130540
100270908
4004
338376
646192
79827
100128431
100271372
402123
6928
353003
353002
222546
7917
172
11221
4340
387934
8193
339799
2834
54790
644540
79476
4824
58472
9375
84159
26137
5168
650
27324
200315
79887
253461
140856
25817
57419
346171
729582
638
7299
79083
466
196374
10391
2122
267015
80762
4609
389136
390218
4600
26585
11278
10
652
3119
11200
861
220959
949
647121
80129
63877
8897
1452
8667
343045
57178
54796
54986
285834
286749
120376
6498
8558
23301
11320
23187
100189492
353238
94274
3232
84075
3231
57497
55770
3431
3106
55729
100133193
63976
3973
2034
81847
100271144
1293
81848
22891
80319
137868
79482
4092
8398
84790
3911
285829
55190
4254
55214
55892
401475
100131561
4507
122525
10460
4856
60678
100270871
152002
8000
647201
10371
7337
84312
57706
4157
8082
3118
1601
100130409
5630
3662
472
6662
354
64895
80018
367
100271015
51312
1761
63892