162540
114134
2580
952
100131609
114781
100130889
10452
8301
5747
56169
92949
56979
10347
8477
203238
401250
5820
100270961
400591
3122
10892
3120
1946
3127
5621
27072
10665
29119
341
717
1378
267016
646583
352961
23607
678
868
4336
54207
677
54806
5460
8028
4035
1495
3132
100128646
100189469
131368
203228
79970
5308
80036
7473
554251
5594
6565
79031
2315
400403
4137
3123
921
923
56244
926
9037
56922
199
337880
10538
352997
57111
116935
221527
132789
10438
5607
27074
274
23036
56832
6148
8449
728299
267015
4280
6263
90627
4724
80205
450234
344558
254428
387122
51205
147081
23666
23498
3662
170679
253782
285513
1330
100048912
9846
23095
359758
81615
10599
7148
3394
4815
2041
6774
8938
26766
338399
1008
1006
644020
54536
3593
51435
401884
84660
84894
339761
2921
4905
629
454
2294
8320
7919
10895
353002
283226
7917
7916
100271506
57674
3559
2565
7412
10913
27324
27120
3087
5789
10919
965
10404
4276
160365
63976
66037
1594
4234
1591
11262
64332
120892
64231
7132
2043
54805
85453
5341
4862
8934
5819
51338
155061
10228
130013
729075
442524
9108
7936
22920
9451
729816
6891
644150
3184
25902
64321
4277
6622
148867
2135
3109
6346
1191
3106
3107
60468
6101
5491
8740
84286
22898
643680
157708
9811
65125
253018
339263
147
5796
4211
116379
440836
54465
53832
117289
998
6955
10461
79054
152100
84769
1041
1804
3119
3118
3117
945
942
3112
100129583
7074
6239
5932
23271
4855
23025