100131609
22807
9369
54602
339896
10296
8622
79635
4026
100189470
5079
8549
26471
7227
60685
80736
3767
116085
400223
22836
22837
5820
442257
643550
57827
57514
140464
3122
64375
3120
100270859
3254
3127
7054
1071
25949
8658
10666
9905
63951
283460
267015
267017
2158
54901
287
3990
9861
352961
145741
80737
8638
3481
5144
1797
9374
6446
23274
22920
5996
84991
167826
3132
246778
9173
203228
100270827
400652
5619
6014
29121
100270950
723961
3304
729611
497258
6891
6311
5696
3123
157638
7117
53940
2065
4023
729288
55328
57118
442216
388125
169792
55423
391719
55323
116935
221527
864
23308
8872
253013
150962
22918
56832
10239
3305
3676
5491
84320
59067
6262
340598
83657
116028
4439
1852
4094
3479
8882
100271600
84226
204010
8807
389203
7919
7536
8809
128486
6821
1236
1230
79660
3586
1233
84450
56984
89822
100271203
136259
8567
1512
100270938
6934
340460
5771
431704
440387
100271597
7128
378805
5122
4758
359758
7148
114904
7466
56244
80059
389015
9559
53335
5871
257397
644020
139716
57829
430
7547
3592
140902
56169
442117
79571
629
441726
6605
54469
283598
100271271
10253
100270925
7917
7916
23242
339799
22979
80069
10665
100130239
2888
84811
3516
100147745
10221
387103
90768
114182
100270945
115352
56606
6048
2113
5789
25865
53347
3778
4277
116519
166336
3558
10644
64135
10562
10019
359775
2184
3667
116985
3172
3087
94241
84871
5796
4685
5341
5184
83795
2895
6753
3118
55384
391524
647215
8935
79068
969
7092
57178
155061
6480
2829
4544
388011
79667
54665
3630
729816
5649
6890
10477
11321
63826
1504
3119
139363
55876
9055
10363
4276
4008
60467
54875
3109
4160
7074
9223
26191
3107
60468
40
221895
168850
717
2745
2509
3976
100271063
29851
5289
10554
26797
2720
2646
56999
117289
998
7297
645345
3559
7103
100287887
677828
100270981
169026
79970
1804
3784
9709
3117
84162
3112
135154
5937
79258
8859
1493
54536
80018
4853
57624
4855
399716
6231
23025
29107
63892