9369
120114
1308
100189470
5079
100271434
2099
346711
140464
25771
2152
401089
23768
4336
29851
8029
11278
29994
23562
5308
4734
1060
729627
286097
4137
25817
926
60401
84441
284217
3778
3031
728409
400652
497258
121536
403301
6662
100128390
83657
64848
367
55742
23635
9722
3662
100130338
10228
7903
55686
340895
387119
3751
117583
79822
116448
11221
7092
22971
442216
387101
79068
25903
2581
463
98
100147821
26281
4685
728615
2890
8661
729075
390345
9451
100271317
100271091
64241
64240
60467
4160
2509
170553
151126
4094
26957
401145
56311
126969
22822
3782
3781
1803
284252
54901