100131609
3133
9071
441073
394263
54620
9474
646520
4026
392382
7917
259308
80736
473
10340
2099
388698
3596
3132
11118
696
100130988
51752
3122
3123
5980
3127
3559
3558
10665
267014
29113
267016
389715
387046
122589
352961
115509
286016
90134
340198
8635
170553
253018
100147754
10884
5460
200734
1493
23569
167826
730070
7124
64375
116159
91056
401089
8870
100270953
5462
4734
79875
344423
164832
729627
10758
25780
84547
55024
2255
56244
2794
135644
55937
10320
595
64288
5017
134510
170680
6821
116935
221527
3120
100270827
6148
5491
283491
9497
4280
831
3663
79722
78994
54899
10255
80205
353145
1797
2312
114904
919
2175
2263
5687
51592
1656
100189529
5966
56946
1235
401250
3586
3662
100130756
57176
170679
54796
11120
100048912
645950
353007
11127
367
353010
353011
259197
57661
5089
780
3394
26147
6775
79692
5246
7141
6773
3092
640
53335
387117
149233
10866
54535
83648
3593
59067
2615
80862
3595
9825
629
353094
577
100189539
2294
10554
7918
60401
3002
177
8341
7015
3009
7916
11221
4340
339799
23534
474354
23
3692
22971
3516
394254
3899
5168
26191
27324
6048
2113
6366
10919
375616
100129921
349158
63940
4277
729582
7920
7297
639
80129
7128
80760
267015
121260
7148
309
390218
135656
29086
4157
2212
4439
728615
1997
344462
221584
4214
57705
3687
79934
3684
4916
347292
57178
100129192
80271
10318
285834
53347
54665
84648
7292
729816
401475
11181
5211
6941
283165
100270908
4276
958
57713
11170
1460
3106
3107
100130889
11074
100133193
717
57161
326
81847
7299
389203
22891
150221
4843
147
387122
414777
285829
90355
4046
7940
81797
81794
4856
284382
647121
10371
3135
7332
3119
3118
3117
100130409
3115
3113
3112
55770
8859
7741
89870
29777
4855
9692
7185