100131609
7128
3132
646520
4026
392382
80736
283491
2099
388698
3596
401250
340198
3122
3123
5980
3127
3559
3558
10665
29113
267016
122589
352961
394263
90134
8635
387122
253018
10884
5460
1493
3133
441073
7124
64375
116159
91056
8870
100270953
149233
79875
344423
170680
10758
2255
56244
2794
135644
595
5017
134510
2312
6821
116935
221527
6148
5491
100147754
9497
4280
831
3663
10255
80205
353145
51752
114904
919
2175
2263
5687
51592
5966
309
3586
3662
170679
54796
100048912
11127
367
353010
353011
100129921
5089
780
3394
347292
5246
7141
6773
54620
53335
10866
54535
3593
59067
2615
80862
3595
9825
577
2294
10554
60401
3002
177
7015
353007
4340
339799
23534
3692
22971
353094
5168
27324
6048
10318
53347
63940
4277
729582
7920
7297
7299
80129
267015
7148
390218
135656
29086
56946
2212
344462
4214
647121
79934
4916
6775
57178
100129192
80271
285834
84648
729816
401475
6941
100270908
4276
473
3106
3107
100130889
11074
100133193
717
57161
81847
170553
22891
4843
147
285829
4046
7940
81794
284382
10371
3135
4157
3119
3118
3117
100130409
3115
3113
3112
55770
5462
89870
4856
4855
9692