8626
10863
23362
28991
200420
8542
346711
83636
3123
11112
10665
2034
407977
2152
7369
29851
84902
5462
22925
80832
23562
6569
1060
3031
6563
100271317
5696
55589
51071
595
23466
3709
8395
728409
286097
22918
9658
100270946
6781
449493
6262
57619
6665
898
26011
221416
57575
6582
100271209
9153
9526
100130338
55214
7029
7903
23780
8897
11122
51422
79611
126969
389840
7422
340895
284274
30011
10460
3751
646195
117583
8741
116448
10255
150280
7092
200315
29956
2628
256356
3075
4609
100147821
9027
390218
4603
26281
56965
10
8082
2646
4760
949
353329
8661
254778
204474
6744
58500
100271091
158222
23635
128822
1471
6909
449492
403301
26957
401145
4257
56311
55686
90859
60677
8000
8416
1803
3119
3118
3117
3116
8029
4855
54901
29107
100270916