217
51196
677828
8622
348
283652
10512
56979
490
203238
100270961
3595
5629
1946
10895
255738
8658
341
2153
29113
267016
23294
23293
401492
2243
352961
84439
2212
7809
387122
5593
10529
3135
728553
4035
1495
1952
283849
392374
100147745
27072
646583
5308
8870
80036
149233
170680
8701
57608
55759
100127911
337880
168455
65264
81832
116935
3667
132789
27436
6387
6148
253018
49855
7369
4280
6263
90627
343727
100147818
170690
4048
8882
340198
51205
1879
2266
100130239
285600
3586
170679
1330
100271444
100048912
153090
100271596
353010
353011
780
2043
4815
729992
26766
79614
79192
1008
128611
10866
54535
154215
129684
80862
347273
339761
2921
28
84898
56996
100131893
1874
114036
9037
51438
1909
653163
441525
10255
4340
2200
100270844
57674
100130537
6597
2565
128609
652
8613
66037
26031
63951
10400
25902
10151
4276
375056
353007
8777
58504
267015
153339
3077
22808
728299
10743
100271506
54805
84722
814
79934
143872
28951
83478
22882
8938
80271
51530
54984
729075
54986
79659
285834
5294
729816
55973
64321
6943
11173
9992
6346
11245
3106
3107
100130889
6101
100270983
3184
400591
266722
80310
157708
65125
29761
7247
285829
340351
23302
1284
79660
4018
7917
1282
2160
3988
5932
201456
153020
221692
91461
347704