5176
760
8022
23592
5745
7227
60681
8540
5479
7058
1836
4148
4982
3977
28962
142680
1311
121340
50964
3248
7040
10682
10683
3339
2260
6399
7253
2316
8878
415
1387
4488
8483
2778
57539
169792
120227
8600
1482
6452
8443
7038
5251
4041
4049
1513
2263
64175
64840
9469
2074
8200
9842
4758
2254
4750
6777
2261
7421
54829
50506
1299
9241
9533
79659
2200
8820
9401
2688
405753
7291
10312
84572
9451
1594
7124
6528
7080
100507436
59341
1186
860
1184
2697
2693
2692
10491
2690
2737
132884
1161
139285
8074
64327
6949
5728
2132
5352
2131
3239
5191
5727
871
1298
4591
2033
51082
8675
1758
7474
1297
1278
4313
207
5167
4318
1277
81794
392255
8792
389434
2121
1280
5447
8481
79158
57192
4853