5173
374654
1141
2717
2653
23209
255928
8622
8890
5476
215
3251
55145
5071
5654
285362
85300
5582
5824
7305
5626
146057
7054
2566
540
6323
2153
348
80025
55103
5144
4973
10528
3708
83943
11277
9179
3785
8022
6792
27429
6712
64374
2998
7957
5264
59
5261
6658
54840
3242
3565
51
2997
2147
6310
79738
410
411
6314
65018
129880
538
2778
593
5189
594
57465
55737
950
275
5660
1822
6389
6908
6326
2542
5256
4728
5255
5091
54209
2548
4723
443
9570
146227
51204
25814
875
427
585
582
583
3748
1738
80184
5009
2760
1137
2259
1135
383
241
445
4541
4540
846
9640
5583
4758
55129
51057
378884
25978
5080
6507
8892
8891
2571
23064
2670
144165
3897
5828
4952
435
2563
2562
4137
8504
2592
6834
123016
56997
5663
7345
5621
23400
5664
6609
2896
166336
10020
27241
26503
4538
1636
8195
7157
4535
4536
4537
1373
5236
1585
8820
2688
22954
84059
9409
5860
9131
2584
10157
2581
785
1352
84572
1355
1861
23431
3073
3074
340024
23435
2184
4668
120892
95
25793
6403
5428
57192
84100
1629
4524
2582
5224
51128
4864
343641
338567
2554
2517
2692
2512
56652
2737
1181
2731
114327
747
54664
8893
10165
23345
1981
3064
2934
6898
23189
10577
6622
5053
472
23636
5195
5194
1967
5191
5190
5193
5192
3736
5257
26058
79158
10939
6311
55775
4598
170302
5160
79809
5162
2629
8398
773
2720
55212
9445
2395
5521
114798
9049
5354
80704
11315
9211
4508
4287
5836
166379
3786
154881
5830
1282
9627
8912
6335
1471
1476
477
351
91147
55670
374291
4854
5092
54903
3198