3920
2717
23209
2657
10060
7112
6654
131118
1832
3717
5583
6640
4854
84159
6324
2153
1674
51778
287
3762
7804
4838
5144
2702
6444
7046
6442
3757
55172
59
7048
4633
2070
1829
3565
2316
1824
345895
55109
4646
4878
2147
8701
3845
55997
4973
3827
775
2218
595
4893
4634
7139
1482
88
6901
9992
6389
7134
7137
4205
7015
6262
6261
91624
64446
23171
368
55036
83544
2261
11285
11155
3662
8048
2934
1281
3741
23414
7021
55800
4624
4625
4626
4541
4629
1837
137814
7273
27019
783
83417
5573
1723
51422
57057
6330
23389
241
2161
7547
3759
10142
7405
3753
54880
9531
4540
5663
5664
4638
10021
2200
4538
1636
7092
4535
859
182
183
5781
7414
79188
123872
659
9509
2626
3728
4607
5654
94
6403
7168
5340
125972
221421
4524
51128
710
2022
2697
80271
948
4088
4089
889
10008
6899
11216
5054
92579
7428
27063
5351
5350
4000
3431
1471
5921
1756
1290
85366
51320
1278
11235
4094
113189
9445
1277
5318
8557
6736
70
4040
673
339829
1804
78987
3784
1282
1289
8997
282996
5444
472
6335
7468
2006
6331
351
57158
5894
23022
51314
4853
1767
4851
83605