5173
374654
1141
2717
2653
23209
255928
57449
1981
8622
8890
5476
215
3251
55145
5071
5654
285362
85300
2521
5824
7305
5626
146057
2743
7054
64374
2566
540
6323
26580
7957
2153
283
348
3508
80025
7415
54209
5144
4973
10133
10528
3708
83943
11277
9179
3785
8022
6792
27429
6712
203228
7080
2998
55103
7443
5264
59
5261
6658
54840
3242
2629
3565
51
2997
2147
6310
79738
410
411
6314
65018
129880
538
2778
6647
593
5189
6606
57465
55737
3778
4668
950
2562
275
57194
5660
1822
6389
4204
6908
6326
2542
5256
4728
5255
5091
5092
2548
4723
443
9570
81622
367
25814
875
427
585
582
583
3748
1738
80184
5009
2760
1137
2259
1135
383
241
445
7098
4541
5582
846
9640
3736
5583
4758
55129
51057
378884
25978
5080
6507
8892
8891
2571
23064
2670
6311
144165
3897
5828
4952
435
54822
112476
146227
2617
57679
4137
8504
2592
6834
4540
123016
56997
5663
7345
5621
23400
5664
6609
2896
166336
10020
594
27241
26503
4538
1636
8195
7157
4535
4536
4537
1373
5236
4744
8820
2688
22954
84059
9409
5860
5836
9131
2584
10157
2581
785
51204
55277
1355
1861
23431
3073
3074
340024
23435
2184
23230
120892
95
25793
6403
5428
57192
84100
29978
1629
4524
2582
5224
51128
4864
343641
338567
2554
2517
2692
2512
56652
2737
1181
2731
114327
747
54664
8893
10165
23345
59341
3064
2934
6898
23189
10577
6622
5053
1814
472
23636
6335
5195
5194
9217
1967
5191
5190
5193
5192
2741
5257
26058
79158
10939
6607
55775
4598
170302
9896
5160
79809
5162
84572
8398
773
2720
55212
9445
2395
5521
1639
1352
114798
9049
5354
80704
11315
9211
4508
4287
7337
166379
3786
154881
5830
1282
9627
7132
8912
1585
1471
1476
477
351
91147
55670
374291
4854
2563
54903
3198