374654
3920
593
10564
116519
55343
27286
4023
54840
10516
4306
285362
2652
7306
5824
4000
64446
5828
145226
668
26503
3257
344
3857
3854
23171
3852
3853
54507
3998
8905
919
348
3858
51062
1798
142680
255928
79053
710
7045
146227
7046
114798
7040
1497
6094
6794
10195
5261
6658
2316
2314
6654
2312
5307
2294
1258
55997
10804
2074
5913
6591
81839
594
1080
120227
1121
56052
190
28976
11136
3679
275
4653
5224
4552
3674
2542
26154
80208
80207
2548
79728
11200
51114
2108
26258
29914
2263
2260
2261
2266
1406
8517
64421
4210
8048
9526
57477
124590
8518
26580
4359
6935
4436
9289
23095
4351
23545
23096
5256
55129
493856
11005
4117
55120
85366
5376
6507
36
35
34
23064
1536
57502
57057
3251
2165
3098
435
2161
2160
2162
2617
9733
10142
338
335
242
54880
65055
3868
1908
3295
3291
10020
3293
255738
857
8195
2018
859
6439
9640
6204
6201
7414
84059
653361
7552
3861
7555
2683
54820
3850
112817
51204
84572
5573
6611
374291
340024
4771
378884
1786
2632
95
94
147912
5184
6899
1629
5189
57094
201163
5818
55651
148738
3859
157570
1352
56652
5080
132884
747
80331
3064
6891
6890
55975
768206
8292
6898
51422
3930
5354
5352
5351
5350
91147
6103
6102
5456
6100
5146
5921
1758
51151
1756
388552
1278
79628
4313
79783
57531
3892
23503
1277
3708
4072
8242
8243
5538
4508
339829
1287
1286
1281
1280
948
4914
57716
1289
91662
10908
2538
2539
1476
26260
57158
23020
64072
686
57152
5173
2717
1302
2653
114548
2719
1308
6559
7957
8557
7389
1355
6101
8546
121512
8540
1832
7454
5582
3798
7450
4593
5624
50846
5621
7048
1371
2155
1373
6324
23111
2153
10743
2159
80025
10939
8481
3939
126410
3931
5265
55624
5995
5994
83943
5264
5993
6716
1829
1959
183
6710
9907
3730
10483
7319
2318
7253
22845
3242
92211
6657
203859
3845
10594
343641
825
3848
346007
4488
6567
6329
6855
79955
1244
79659
169792
65266
7139
1482
23418
5498
7036
7038
3981
7134
7137
2068
5251
9380
4728
9382
5255
6662
6663
5317
4723
5314
9570
7276
11281
83544
64840
11285
84233
1075
585
582
583
3748
1738
8754
25814
8200
1134
4548
55800
4624
4625
4626
4627
4541
4540
3918
249
2623
4547
166336
27063
2273
284119
643418
29929
3691
7490
4261
79947
8504
9126
9241
9129
9533
25839
8565
8291
3702
6535
178
641339
175
5979
65125
8241
4538
4539
4942
3690
4535
4536
4537
4948
341640
182
30061
9401
186
6335
185
2110
9409
404672
3081
5781
1285
1123
2626
10157
3872
10159
5892
5894
10661
5896
10397
9622
3284
11234
6330
4669
2334
138050
3887
25861
55065
4154
221421
16
19
27032
50617
3889
27034
60681
100505503
2022
28956
2697
84062
254065
55145
2693
10491
2690
54982
189
2592
3909
23345
4763
5213
84839
10577
10479
657
4166
3236
389434
24140
356
10084
5194
3239
5191
5190
5193
5192
118813
90167
9896
1471
51082
324
3988
8842
5077
29954
8929
775
2629
204
207
779
778
1340
1290
7102
2979
81794
70
392255
6862
57817
2332
80781
78987
1594
7508
3028
5447
6135
79158
843
3074
1760
51314
1767
26353
83605
1140
11141
1593
1144
1145
8625
8626
5897
8622
5095
215
22999
123606
23230
3655
7248
2956
5176
1545
9203
525
4901
80144
2664
11235
26277
540
546
547
79152
2244
2245
64093
2243
7391
7390
5063
1294
2705
2657
2707
2706
7399
6338
50964
84733
6444
6445
6442
6443
4239
10683
7249
64374
6448
5428
6337
7443
4041
6569
1828
89781
1824
345895
7439
2147
6310
2799
410
411
412
860
129880
4976
1387
3827
3949
443
5395
4214
22954
3373
6708
10128
8443
83959
7405
8320
8322
7369
3476
4281
4286
4287
5091
5092
4126
5096
8988
80184
9782
368
55036
367
128178
6440
5009
2668
24
54657
2760
3141
1509
8106
54658
65217
23414
7021
383
445
3315
84061
388939
10585
4758
785
1641
1834
1643
1729
4750
7401
6777
6770
1723
55636
7020
8813
5972
6218
9968
3759
6495
146057
3614
3753
2290
3757
7592
4633
6496
3000
4634
116442
55812
1161
2200
2203
7092
6326
7157
2071
1586
4983
1584
1585
2157
10913
56606
4247
79188
27329
6683
2055
6687
3145
137814
9509
2582
2581
338917
2588
5961
10312
23133
30008
8074
6521
7486
7849
6524
64175
6528
5654
7846
7841
7840
4838
4935
6299
59341
84100
2158
6295
4524
4522
4688
2892
56997
2109
6197
1103
81857
26121
2516
2517
5521
1513
783
91869
2736
2737
2639
2731
10002
4088
83394
10165
3860
10008
91949
57096
64327
64324
256471
9180
653509
5889
1896
23224
5053
641
5728
123016
79840
2121
440138
5145
875
5727
871
6223
2035
4591
2033
488
4595
55172
4598
6229
7474
7476
2038
286077
959
3914
493753
55212
4204
55215
10466
4952
6389
4920
672
6736
10461
2132
10528
4792
7337
5837
51251
154881
5830
5831
4010
4015
4014
7504
5195
355
7507
55775
57514
950
55670
91624
4221
7168
54903
9927
170302
55505
212
213
210
762
760
1785
1910
4125
5476
8573
122042
6121
10210
285489
10117
3329
3043
10083
5148
5479
79147
347733
6712
7050
7051
6640
1778
5373
2138
9897
4867
1675
51778
287
57167
3762
121340
3481
675
57165
7291
673
3561
265
1293
286
269
268
3643
51324
3640
2998
6010
6311
3039
6017
2990
2492
51
4647
2997
8701
79738
37
2259
2254
2253
538
2778
5160
988
24148
4893
1589
4487
26119
9499
6452
8139
6901
57194
5660
9990
9992
7879
9997
6908
79809
6519
4803
6262
773
55135
5167
6514
2177
3077
2395
2176
5836
2175
2073
2072
2178
10021
6314
427
1259
3815
127534
4864
6834
3849
144165
3265
6125
8450
9313
80326
64218
130557
847
7273
51057
27019
841
8898
57539
2978
4292
2670
149998
7421
23389
50506
7546
7547
5158
117581
118429
1861
10555
90411
6606
6607
5339
6609
7015
6165
10558
10559
27241
2010
1634
347344
1636
22948
4069
4747
5236
1736
5784
55640
8820
84342
84343
65109
123872
9215
5860
405753
2815
375298
6469
728458
1837
166379
79087
2182
2812
3073
2187
3075
229
2184
25794
4607
2189
224
7080
1027
5429
125972
57192
1184
2218
1029
1028
1180
3897
57190
51128
1747
158866
1741
4089
128674
79796
7287
9459
284654
2235
1201
1200
1203
136647
5649
54332
6949
2584
59344
3736
3735
92579
30813
1893
6341
6340
4519
3040
2131
4512
4513
146059
4514
8671
25836
81846
9496
8675
7299
1292
9420
200576
1291
1296
4689
85365
23314
5162
10075
84140
2720
50945
113189
50943
23218
5318
60675
9197
5048
1717
9094
462
26504
5257
1807
1806
3786
3784
3785
3423
4853
3420
5631
3425
7466
472
50939
9517
9516
2006
6331
4990
3728
4854
6231
79803
50937