374654
9289
5824
4000
5828
3854
3852
3853
54507
3858
51062
7046
7048
5264
2316
2314
6654
2312
5307
55997
10804
6591
81839
136647
190
3679
4653
4552
26154
80208
2263
2260
2261
4214
80184
124590
8518
4359
23095
79955
5573
641
57057
4952
2617
122042
242
54880
65055
2737
1908
3295
3293
8195
859
84059
3892
10585
3897
10564
94
5184
8565
5818
55651
157570
132884
6899
5354
5351
57716
91147
5921
1278
79628
4313
23503
1277
8243
8241
2121
1287
1286
1281
1280
4914
1289
54820
80781
1302
5979
1308
121512
5077
1832
3798
1834
643418
23111
10743
4867
126410
6716
10117
1959
9907
6657
4487
3845
3849
3848
80326
4488
57539
1482
54332
5318
1717
6662
6663
5317
83544
64840
11285
585
582
583
8200
4548
4624
4626
4627
10908
8504
9126
9241
9533
2018
3691
7490
341640
182
9401
9409
404672
339829
2626
3872
5894
10397
1910
3284
11235
3887
25861
221421
16
860
3889
2022
2697
7401
3909
26353
3236
5195
3239
5191
5190
5193
10083
118813
9896
9897
51082
51324
8929
775
207
493856
81794
70
392255
6862
2332
78987
5447
79152
9927
1767
83605
8626
123606
9622
3655
7248
1545
80144
26277
547
64093
2705
2657
7399
55036
64072
4239
10683
1829
1824
345895
2068
128674
412
129880
1387
3827
8517
8320
3476
4281
4286
7249
8988
368
84733
367
128178
2668
65217
23414
7021
7020
3315
1837
137814
338917
1641
1643
4750
6770
1723
55636
3759
5376
3753
3757
79659
2200
1589
7092
1586
1584
10913
79188
6683
6687
7291
9509
7849
7846
7840
4838
11005
6299
84100
26580
4524
4522
81857
2516
2736
3868
4088
4089
3861
147912
64327
64324
1896
5728
123016
79840
5727
22954
50846
2033
55172
170302
7476
286077
3914
55212
3918
4920
6736
4792
7337
5830
4010
7405
7507
55670
7508
54903
51314
55505
1785
1786
10142
3329
5192
79147
347733
7050
7051
6640
1778
287
3762
3481
673
1285
265
1293
269
268
3643
65125
3640
2492
4647
8701
79738
2254
2253
988
4893
6452
8139
6901
57194
9990
9992
7879
9496
79809
4803
6262
55135
64446
57514
2073
2072
2071
2074
144165
3265
9313
23314
51057
27019
8898
5080
51422
23389
7546
7547
117581
5339
7015
10558
27241
4747
1736
5784
55640
8820
5781
123872
166379
2334
224
5429
2218
1028
57190
1747
6495
6496
1161
284654
5649
59341
6949
59344
3735
92579
3730
27063
2138
9516
81846
4204
57165
1292
9420
1290
1291
1294
50945
113189
60675
9197
5048
22948
9215
6469
3784
5631
8481
9517
25836
6330
6331
4990
3728
4853
7466
50937