3717
345611
210
115908
7389
3659
11231
212
5824
5828
55054
1371
540
2153
2316
1316
675
4595
999
3930
672
673
1493
1499
3643
7048
5265
149233
6657
51119
6390
6391
3030
6392
3845
4481
2064
84701
2778
862
5395
1080
5157
5156
5606
5498
4650
3587
79728
51201
2668
3663
3815
3588
2042
2272
5244
1723
4293
4292
5979
57509
51741
6833
8504
4436
1908
6927
7157
182
657
843
1033
9409
6049
10019
7486
3077
1910
2956
6299
27030
4522
4072
4233
9940
6690
3145
6794
4088
4089
10165
5290
79695
4763
5243
4613
1890
5644
1056
51008
4512
3431
11178
5190
5193
5192
324
2746
8929
4092
207
5205
8312
8313
5830
2235
5195
64127
55670
8647
23022
4853