5172
215
213
668
79983
2657
5741
5078
9479
5506
5071
3651
3557
10232
3172
6648
5626
3973
3559
3762
7809
9370
999
84634
135935
1493
9247
8022
1499
269
268
3643
3640
6658
2492
51
2798
4978
5573
55997
51079
2064
2778
595
169792
190
1482
11132
7038
493856
6662
79728
6517
26012
84733
367
2260
1234
4214
3667
8200
3265
6934
672
137814
846
6716
2253
6777
6770
640
55636
7422
4535
50506
6833
3758
122042
79577
8462
23405
6928
3295
6927
3293
1589
1636
7157
1730
7490
1586
8820
1584
1585
57104
55315
2688
115352
405753
284654
346171
2332
64135
22800
10019
7849
3630
3077
6528
3284
344018
7080
1027
1188
59341
1187
256297
2516
2693
2692
2690
128674
3636
4089
23101
551
5290
4760
6899
5889
3730
6557
389434
5979
50846
326
675
7474
207
5167
9049
60675
6736
9210
8086
7068
7253
5892
5444
23022
4221
7466