3299
1302
668
50484
2652
1261
6121
10210
8546
10516
11232
24
1545
7306
4901
3791
3257
762
10585
54507
9129
4867
6247
5148
718
5146
3769
5145
7399
2700
5995
1292
1493
64072
343035
54714
8842
5428
5309
84146
84140
6017
7253
89781
4647
4137
169522
84233
10594
134430
4976
2074
291
5158
24148
9094
1121
1123
6100
3679
4653
60506
83959
8322
90167
493856
6785
2780
4284
6261
80207
6663
79803
1634
22999
1421
1524
8754
1409
26258
29914
5961
7439
1258
1259
3664
611
10133
80184
124590
65217
4117
79147
4359
6935
4541
4540
346007
64218
130557
338917
114902
79955
5080
83394
1406
220202
2979
83552
1001
3614
80144
93589
64221
83872
3000
7099
55812
2200
1420
4538
4539
4942
4535
4536
79947
4948
341640
23418
84343
84059
25861
115352
375298
3850
7299
728458
3075
6010
25794
5654
11234
7840
5340
4935
5956
84100
6295
2218
6094
388939
57190
26121
84062
92211
3859
7401
56652
387715
7287
10002
57096
57094
55975
768206
9227
84839
145226
30813
4166
4519
7078
4909
4512
5149
6103
6102
4514
10083
5925
57167
51151
1293
200576
1291
1296
388552
23746
55605
2301
778
2978
123016
81794
10461
4286
26504
4508
9215
7045
1280
3420
4016
5444
50939
1471
167691
4990
23020
6101
7466