5310
4306
668
50617
760
79983
6557
6559
7225
5071
5076
8542
3557
268
6648
5824
5828
7056
8671
4868
23512
23607
3939
142680
718
7809
675
999
672
135935
84733
6716
1499
269
6092
4233
116093
6569
4643
2492
23405
4978
2064
988
120227
65266
190
7030
11136
81
6519
5251
9380
79663
6662
5311
51196
6514
5314
525
4968
11281
367
2260
2261
4214
64423
3265
4627
2271
6421
1729
2253
6770
4292
55636
7422
7421
4952
5972
7428
3758
8504
5546
629
4437
4436
5167
3295
3293
27241
1589
1636
2056
1730
7490
1586
1584
183
185
9409
189
284654
112817
10312
1287
6521
22800
5892
6524
3077
2956
3284
11236
344018
1188
10232
1187
1184
4179
201163
2516
128674
340024
554
551
8074
5290
5889
3730
6340
5728
4920
5192
5195
7466
5190
5193
221895
5925
50846
1758
65125
5800
4841
3913
79058
207
7369
57531
55193
493856
60675
6736
9210
7827
1285
2332
1286
5830
1594
3426
84925
6337
55670
6338
81494
359
3075