3920
55343
27286
4023
10516
4306
285362
7306
5824
4000
5828
145226
668
3257
344
3857
3854
57514
3852
3853
3850
3998
8905
919
348
3858
51062
1798
142680
255928
65125
710
7045
146227
7046
114798
7040
1497
6094
6794
10195
5261
6658
2314
11141
2312
1258
55997
10804
2074
5913
593
594
1080
120227
1121
56052
11136
3679
275
5224
6389
3674
2542
26154
80208
80207
2548
79728
11200
525
2108
26258
29914
2263
2260
2261
2266
1406
8517
4210
8048
9526
57477
124590
8518
26580
4359
6935
4436
23095
4351
23545
23096
55129
493856
11005
4117
55120
85366
5376
6507
36
35
34
23064
1536
57502
1244
3251
2165
3098
435
2161
2160
2162
2617
9733
338
335
65055
3291
10020
10021
255738
857
859
9640
6204
6201
7414
84059
653361
7552
3861
7555
2683
54820
116519
112817
51204
84572
6611
374291
340024
4771
378884
2632
95
147912
5184
1629
5189
57094
201163
5818
55651
148738
3859
1352
56652
132884
747
80331
3064
6899
55975
768206
8292
6898
51422
3930
5354
5352
5351
5350
6103
6102
5456
6100
5146
10939
1758
51151
1756
388552
1278
79628
4313
79783
57531
23503
1277
3708
4072
8242
8243
5538
4508
339829
1281
1280
948
4914
57716
1289
91662
10908
2538
2539
1476
26260
57158
23020
64072
686
57152
5173
2717
1302
2653
114548
2719
1308
6559
7957
7389
1355
6101
8546
121512
8540
1832
7454
5582
3798
7450
4593
5624
7592
5621
7048
1371
2155
1373
6324
23111
2153
10743
2159
80025
8481
3939
126410
3931
5265
55624
5995
83943
5264
84140
1959
183
6710
9907
3730
10483
7319
2318
7253
22845
3242
92211
54840
203859
10594
825
3848
346007
6567
6329
6855
79955
169792
65266
7139
1482
23418
5498
7036
7038
7134
7137
2068
5251
9380
5257
9382
5255
5317
4723
5314
2799
7276
11281
83544
64840
11285
84233
1075
6314
3748
1738
8754
2071
8200
1134
55800
4624
4625
242
4541
4540
3918
249
2623
4547
166336
2273
5256
643418
29929
3691
4536
79947
8504
9126
1340
9129
25839
8565
8291
3702
6535
178
641339
175
5979
4538
4539
4942
3690
4535
7490
4537
4948
182
30061
9401
186
6335
185
2110
9409
25861
3081
6337
5836
1123
10157
3872
10159
5892
10661
10397
23230
3284
11234
4669
138050
3887
404672
55065
4154
221421
16
19
27032
3889
27034
60681
100505503
28956
84062
84061
55145
2693
10491
2690
54982
189
2592
3909
23345
4763
5213
84839
10577
10479
657
493753
3236
389434
24140
356
10084
5194
2812
5191
5190
5193
5192
118813
9896
1471
324
3988
51324
79152
29954
775
2629
773
779
778
1290
7102
2979
81794
70
57817
2332
2334
1594
7508
3028
2235
6135
79158
843
3074
1760
51314
1767
1140
1593
1144
1145
50617
8626
3077
8622
5095
215
22999
123606
3655
7248
2956
5176
9203
51114
4901
2664
26277
540
546
547
2652
2244
2245
2243
7391
7390
5063
1294
2705
2657
2707
2706
7399
6338
284119
6444
6445
6442
6443
4239
64374
6448
6125
7443
4041
6569
1828
89781
343641
345895
7439
2147
6310
9570
410
411
412
25814
4976
1387
3827
3949
79053
5395
22954
3373
6708
10128
8443
83959
7369
3476
4281
4286
4287
5091
5092
4126
5096
8988
443
9782
368
55036
367
128178
5009
24
54657
2760
3141
1509
8106
54658
65217
383
445
3315
254065
388939
10585
4758
785
1641
1643
1729
7401
6777
6770
1723
55636
7020
8813
5972
6218
9968
6495
146057
3614
2290
56997
4633
6496
3000
4634
116442
55812
1161
2200
2203
7157
1586
4983
1584
1585
2157
10913
56606
4247
2010
27329
6683
2055
6687
3145
137814
9509
2582
2581
2588
5961
10312
23133
30008
8074
6521
7486
6524
64175
6528
5654
7846
7841
7840
4935
59341
84100
2158
6295
783
26353
4688
2892
2109
6197
1103
81857
26121
2517
5521
1513
91869
2736
3868
2639
2731
10002
4088
83394
10165
3860
10008
91949
57096
64324
256471
9180
5889
1896
23224
5053
5728
123016
2121
440138
875
5727
871
6223
2035
4591
2033
488
4595
55172
4598
6229
7474
2038
959
3914
4166
4204
55215
10466
4952
6736
10461
2132
10528
4792
7337
5837
51251
154881
5830
5831
4010
4015
4014
7504
5195
355
7507
55775
950
55670
91624
4221
7168
9927
170302
55505
212
213
210
762
760
1785
1786
4125
5476
8573
6121
10210
285489
3329
3043
10083
5148
5479
79147
6712
7050
7051
1778
5373
2138
9897
4867
1675
51778
57167
121340
3481
675
57165
672
7249
3561
1293
286
3643
8842
3892
2998
6010
6311
3039
6017
2990
51
4647
2997
8701
2395
37
2259
2253
538
2778
5158
24148
1589
4487
26119
9499
6452
8139
6901
57194
5660
7879
9997
6908
6519
4803
55135
5167
6514
64446
5145
23171
2176
2177
2175
2073
2072
2178
427
1259
3815
127534
4864
3849
144165
3265
8450
80326
64218
130557
847
7273
27019
841
8898
5080
2978
4292
2670
149998
7421
50506
7546
8557
6834
117581
118429
1861
10555
90411
6606
6607
5339
6609
7015
6165
10558
10559
27241
26503
1634
347344
1636
22948
4069
4747
5236
1736
84342
84343
65109
123872
9215
5860
405753
2815
375298
6469
728458
1837
79087
2182
3073
2187
3075
229
2184
25794
4607
2189
224
7080
1027
5429
5428
57192
1184
2218
1029
1028
1180
3897
57190
51128
158866
1741
4089
128674
79796
7287
9459
5447
1201
1200
1203
136647
54332
2584
59344
3736
3735
30813
1893
6341
6340
4519
3040
2131
4512
4513
146059
4514
8671
25836
81846
9496
8675
7299
1292
9420
200576
1291
1296
4689
85365
5160
5162
10075
2720
113189
50943
23218
60675
9197
5048
1717
9094
462
26504
4728
1807
1806
125972
3423
4853
3420
5631
3425
7466
472
50939
9517
9516
2006
6331
28976
4854
6231
79803
50937