3717
212
6125
3040
3043
8546
25
7454
5277
146059
7450
695
5627
5624
7056
23092
11116
2155
4869
546
10661
3998
2244
26258
2158
2159
2243
7390
718
54205
3930
8029
2178
6710
171023
10483
3039
2990
11285
92521
81704
2147
89781
3845
80324
2038
55752
7468
5159
595
4893
4891
4179
3092
6708
3273
9659
2821
3674
7015
26127
1719
79728
10600
2176
2177
368
2175
2260
2261
2266
3662
1130
50943
973
23218
81693
22
79803
83417
1727
4297
4291
7374
164656
3690
5781
2677
2165
3098
2161
2160
2162
11093
629
7504
3257
6165
613
974
54790
2057
7158
81608
3458
1290
90411
7150
6204
2157
6201
653361
57379
84343
2815
2623
9509
2624
7297
2153
1528
462
6521
2812
10560
2187
3075
1675
2189
5156
11234
94
1991
3205
5340
4683
861
11064
867
4689
6774
100505503
2022
84062
286
55120
4763
6218
4089
889
79650
2632
64324
4688
124540
51251
959
958
5351
1536
84930
4928
6223
2035
2034
4598
6229
29760
388552
1278
203
2629
11235
4094
113189
2729
55215
1277
54583
26503
2120
2122
1281
948
3543
7066
1289
3426
6135
56262
2539
7428
6231
81494
83605