4303
4302
3717
4300
212
23048
1536
2657
10215
5079
8301
28992
3040
3043
8546
25
7454
5277
146059
7450
695
5627
5624
7056
23092
26503
11116
2155
84159
2120
546
10661
3998
2244
26258
348
2159
4864
2243
1991
7390
718
348801
54205
3930
1675
8028
8029
3131
285527
2178
6710
10962
171023
6125
10483
3039
2990
2266
79803
92521
29760
2147
89781
3845
55997
80324
2038
56244
55752
7468
5159
595
6988
4893
100272147
4891
11064
3092
6708
3273
399
4689
2821
3674
2309
3195
7015
26127
2303
79728
7249
89795
10600
2176
2177
368
2175
2260
2261
11285
9258
3662
80184
1130
1290
2060
51251
115761
50943
973
55215
81693
137814
1656
4299
694
841
6135
6774
1727
4297
2324
4291
200942
164656
81608
23218
5781
29844
4066
2165
3098
6218
2161
2160
7547
154215
89884
11093
629
22
331
57569
6929
7504
6609
3257
6165
8115
2157
27086
613
974
54790
472
2057
7158
3690
3458
596
90411
7150
6204
4869
79184
6201
653361
50515
27125
889
57379
84343
2815
2623
9509
2624
7297
3558
2153
1528
462
6521
6887
2812
10560
2187
3075
4609
843
2189
5156
11234
94
4298
2213
4838
3205
5340
4683
861
2158
4179
867
2162
83417
100505503
2022
7405
84062
254065
286
55120
4763
7374
605
604
10006
6491
10272
602
8178
4089
6813
79650
608
2632
64324
80271
238
4688
6899
124540
10577
7428
959
958
9659
5087
5351
5873
5450
84930
4068
4004
4005
4515
6223
2035
2034
8676
25925
4598
6229
81704
388552
1278
203
2629
2677
11235
4094
113189
4253
4928
2729
64127
1277
3702
54583
673
4791
6886
2122
1281
948
3543
7066
201294
1289
3426
81494
56262
356
355
2539
5551
2531
6231
1719
83605