4303
4302
4300
23048
1145
8625
4609
1786
55343
10215
5078
5079
8301
28992
3040
7454
115761
694
695
5376
3559
3558
83737
84159
4869
547
930
51062
2719
7390
348801
673
5994
8028
11277
23569
5993
285527
65125
10962
3561
3039
7253
2990
4277
100293534
3569
2312
29760
29851
83706
2060
55024
1380
5159
6583
595
6988
100272147
147409
3309
399
4689
10125
2309
4281
3663
3575
2302
7249
89795
80184
919
89884
2261
1656
1234
64421
9258
3662
23495
1130
8518
1134
4094
5428
4066
254065
4299
4298
841
6774
6775
4297
5573
200942
29844
1536
2161
154215
4261
1493
3596
331
57569
190
6535
6929
7504
6927
5133
10558
8115
975
974
973
472
80332
4068
596
721
27086
55315
79184
115352
653361
50515
27125
57379
7292
346171
7297
2629
64135
30009
6886
6887
10019
5896
5897
843
3172
2213
3195
3689
4683
861
1773
4688
3684
83417
720
28956
2516
54414
4914
605
604
10006
6491
10272
602
8178
5087
608
3630
2632
6891
6890
238
100133941
7374
959
958
79840
5450
26191
4928
4004
4005
4515
2741
2743
326
25925
4598
81704
4282
204
5788
4253
50943
26503
7100
4803
1789
7941
3702
4795
710
4791
1285
2120
355
3543
94103
56262
356
9517
7468
4589
57628
3131
2531
3981
115650