4303
4302
4300
23048
2657
10215
5079
8301
28992
115761
694
695
3558
84159
4869
348
4864
348801
673
8028
3131
285527
10962
55997
2060
56244
5159
595
6988
100272147
399
2309
2303
7249
89795
89884
1656
9258
80184
4066
137814
4299
4298
841
83417
4297
2324
5087
200942
29844
5873
7547
154215
331
57569
6929
6609
8115
974
973
4068
596
27086
79184
50515
27125
3195
6886
6887
5551
4609
843
2213
4838
4683
861
7405
254065
80271
605
604
10006
6491
10272
602
8178
6813
608
238
6899
10577
472
5450
4928
4004
4005
4515
8676
25925
29760
4253
3702
4791
2120
3543
201294
56262
356
355
64127
2531