5310
4306
57135
50617
760
6557
6559
7225
5076
4477
8542
3557
268
6648
5824
5828
7056
8671
79058
8653
1316
23607
3939
142680
718
7809
84733
6716
117144
269
6092
4233
116093
3640
6569
4643
2492
128674
4481
2253
988
120227
65266
190
7030
11136
23301
81
6519
5251
9380
79663
6662
117155
51196
6514
5314
525
4968
11281
367
2260
2261
4214
64423
8287
3265
4627
2271
6421
1729
161497
6770
2048
55636
7422
57054
57055
4952
5972
7428
3758
122042
8504
5546
629
60528
23405
6928
5167
3295
3293
27241
1589
1636
2056
7490
1586
4868
1584
183
6041
185
9409
189
284654
112817
10312
6521
1594
5311
3075
3077
3284
11236
4601
1188
11200
1187
1184
4179
201163
2516
340024
554
551
8074
3730
6340
5728
4920
5195
1617
7466
5190
5193
5192
5925
50846
1758
65125
5800
4841
3973
3913
7421
7369
57531
55193
493856
60675
6736
7827
1285
1287
1286
5830
3426
84925
6337
55670
6338
81494
359
6524