3920
57817
212
2717
210
2653
22845
760
3077
116519
55343
5476
7391
215
1355
4023
3373
4125
8546
8540
79158
285362
3284
7306
5824
7841
5373
3257
344
1340
540
26580
5009
348
6329
2243
493753
1798
3939
142680
7369
65125
3931
6901
5096
2632
10195
1497
10555
1738
6448
5428
2998
6337
5264
6569
5261
2990
3242
51
2997
89781
2799
410
411
412
10128
1184
80331
538
2778
3949
593
594
120227
1589
65266
56052
26119
11136
4000
5498
275
7036
8443
5224
6389
9997
6519
4281
4286
4728
9382
5255
5091
5092
2548
6514
4126
4723
57192
525
26258
1513
2263
847
427
7389
54657
3815
443
9526
2760
54658
445
34
383
4541
4540
249
4351
4547
4758
7276
1729
4306
6770
36
35
51422
2670
50617
149998
1244
29929
5828
4952
5972
435
79053
91869
4069
8504
2592
6834
335
4948
4247
5660
5236
5167
178
6609
175
3291
10020
10559
37
1371
2203
4538
1636
183
4535
4537
1586
1373
1584
1585
30061
84342
84343
56606
185
2110
6559
9409
189
3081
5860
7299
2683
5836
2584
10157
112817
5837
2588
51204
10312
84572
79087
8074
6521
1594
3073
3074
6524
229
2184
1593
11234
224
95
27329
138050
1509
55065
4935
5184
3141
19
2542
1629
5189
338
27034
2109
2108
51128
4864
148738
84062
2517
5256
1352
3145
857
79796
2639
2731
54982
2235
10165
1201
1200
1203
91949
440138
1717
256471
5213
9180
6898
10577
5053
6341
6340
5354
3251
2581
4514
4512
4513
875
5191
5190
5193
5192
2055
8671
1471
5095
8675
1758
51151
8813
4598
85365
388552
5160
5162
2629
79783
2582
2720
26503
779
10466
5251
284119
28976
9380
7421
5538
4508
5257
1807
1806
51251
4669
5830
255738
3423
6338
5447
3425
5195
2538
2539
3988
5194
55670
374291
686
25839
79803
7390
340024