374654
5176
1302
50484
760
4703
2657
1785
7138
8022
23592
5745
7227
6528
5213
22954
60681
8540
5479
7058
79147
1836
4148
2487
7050
1073
7048
4982
10585
3977
28962
2010
6329
8481
142680
1311
121340
3481
55624
6444
7046
23569
7040
1293
10682
10683
3339
3643
64175
5428
6445
2261
58
2318
7253
2316
8878
6654
5307
415
203859
3845
55997
825
1387
4488
291
2778
57539
81839
3569
169792
4893
8600
1482
6452
274
3309
7038
9496
4282
7369
5251
4041
6261
6662
4049
4318
9782
4487
6496
23175
5894
2263
2260
64840
9469
2074
6583
3663
8200
4620
9842
3265
4625
4626
4541
4540
23314
137814
7273
2254
2273
4750
6775
50964
6777
9499
1297
157570
3248
1513
7421
54829
673
50506
1299
7546
8820
9241
9533
8291
64221
6399
5339
8483
10020
1161
2200
4538
4534
4535
859
120227
9401
2688
5781
56606
59341
79659
7555
115352
4758
9131
8106
4277
10312
84572
56172
9451
390594
1594
7124
90
11232
7080
7169
100507436
4618
1186
860
1184
2218
1180
405753
2697
2693
2692
10491
2690
56652
2736
2737
132884
64419
7291
4088
139285
8443
8074
23345
64327
6949
7170
6899
3736
23224
5728
4920
2132
389434
2131
4512
3239
5191
5727
4514
871
1298
4591
2033
51082
8675
1758
1292
1756
1291
7474
29954
7476
1278
4313
207
5167
50945
779
1277
8557
81794
392255
4795
8792
8241
5352
2121
6469
1280
4154
4010
5447
4000
79158
57192
6442
1760
50937
4853
6443