374654
4026
8301
28992
8091
5987
3558
7517
23512
348801
54738
6098
5468
7048
6794
10962
2317
2313
5914
10801
595
596
6598
201163
6389
79728
57591
1019
2261
5002
79663
80184
153090
23092
23095
7704
1656
2042
5573
2048
3092
57509
54556
55717
2737
9321
50515
4771
4299
10568
6421
3205
6756
6757
4072
54949
9940
55654
5081
8833
558
7175
238
727837
5450
5925
83990
1755
57531
613
4253
1277
8795
2120
2122
4914
8648
23022
2531
8643
3417
5079
1499
10342
5071
8013
5077
25
9833
3791
84159
4869
3932
1956
51684
6793
3845
4481
51079
701
7030
10232
399
2309
2308
8805
11281
8115
51201
124540
162967
3662
4626
4629
6289
2271
2272
79695
29844
79058
154215
79577
57569
4437
4436
6929
6928
7913
6927
23085
6288
972
7490
6988
5546
657
6041
154288
6049
2115
8379
5890
22800
5108
57082
11235
11236
861
862
865
867
10499
254065
10272
889
4763
4004
4005
84936
3973
3977
9950
8929
207
3621
208
4928
6862
5892
83605
4303
4302
3717
4300
23048
8626
3659
7248
4477
2521
694
1316
999
8028
8021
4233
116093
92521
2068
4978
2060
1385
1387
2064
27030
5395
11200
23301
23305
9258
7249
4221
367
51592
79145
5324
150094
1643
1649
200942
5979
51741
60528
2192
57670
7157
79184
1033
466
7486
11146
4683
4522
7994
10006
3868
89884
4088
4089
5290
11322
64324
5889
5888
6597
26511
5728
5727
221895
199713
2033
25925
4595
4841
8314
9049
672
8312
8313
4791
4157
84925
7507
8915
54904
7508
64783
10215
2322
115761
79142
2324
5371
324
675
4330
673
3131
6392
6390
6391
147138
2778
8031
8030
4893
100272147
5155
5157
5156
5606
51517
8522
57120
89795
10600
2078
4968
2073
2072
2071
3815
3265
843
4298
83417
4297
5087
4293
4292
7428
5159
285527
23405
27241
4066
6760
27086
5781
27125
63976
6886
6887
4609
2956
4601
2213
1027
5429
1029
1028
605
604
6491
602
8178
608
2132
2130
2131
4512
11178
3195
4515
9516
81847
4092
4094
55193
472
473
2000
7468
84168
3198