374654
8626
3659
5071
4221
4477
150094
9833
7517
1316
83990
675
999
672
673
1956
1499
4233
7048
116093
6794
4437
23405
3845
4481
51079
2064
2778
27030
595
5395
5157
7030
11200
5606
23301
4072
79728
4968
11281
367
2261
51201
5002
79663
3265
4626
972
2271
6421
2272
5573
79695
2048
4292
5979
79058
57509
51741
7428
4978
60528
79577
2192
4436
6928
6927
27241
6288
6289
7157
7490
5546
657
6041
843
1033
6049
22800
5892
7486
2042
2956
10568
11236
4601
1027
4683
10232
862
4522
201163
9940
2737
4088
4089
5290
4763
4293
5889
5888
5728
4512
11178
5925
3973
81847
324
4595
4841
4092
207
57531
208
55193
9049
8312
8313
84925
54904
23022
3198