5173
10397
57449
1785
8622
7957
4803
123606
3329
5071
121512
8988
2521
3798
7305
9627
146057
1778
7054
64374
540
547
283
348
80025
51062
54209
2705
10528
83943
1786
27429
1959
203228
55103
7443
5264
54840
343641
4137
6310
9570
84233
6314
65018
5521
4976
538
6647
55737
6607
113278
8139
54332
55775
7879
4204
6908
493856
4287
8565
80208
80207
7249
7248
2395
146227
367
2074
5376
2259
3748
10133
443
25814
8518
144165
4359
4541
5582
3315
9640
3508
55129
378884
8898
25978
6507
23064
2670
6311
3251
4973
54822
10908
2617
57679
335
4540
2290
65055
56997
5663
7345
5621
6606
5664
166336
10558
4538
4539
1981
4535
4536
54982
4747
80331
4744
7415
6683
2055
3897
7555
6687
785
55277
1861
23435
4771
7276
120892
95
7840
25793
6712
255928
1509
747
5428
16
29978
2896
26353
1180
1639
81857
55145
56652
1161
2733
54664
1201
1200
1203
23345
59341
4763
256471
23095
3064
3736
3735
23636
6622
4519
3236
57716
4512
950
9217
5191
4514
65125
118813
26058
9897
81846
10939
57165
9420
51324
9896
79628
2629
8398
773
23503
23111
114798
3708
5354
9197
11315
5538
22948
4508
26580
154881
4154
4914
5631
4000
9517
9516
1476
351
9907
79152
1760
7466
9927