5173
3920
215
1302
50484
2652
84623
8622
51473
27286
6872
85300
5582
9203
3251
161582
7592
8492
4983
546
547
8905
2245
1261
54714
5063
255928
5146
5428
7399
10528
2780
7401
6712
6448
7080
7319
6658
343641
6567
9901
51
4647
4137
6310
6311
6314
25814
25953
1387
538
3827
2902
2904
140803
3778
9856
4204
6908
1859
3476
493856
4287
6261
6663
6513
3479
51114
2664
146227
1013
2643
2259
3748
9524
57477
124590
65217
84295
4359
8450
254065
23096
785
79955
1729
8831
51185
6507
3708
51422
23064
57502
291
9968
112476
6855
146057
9126
2290
56997
64221
6535
6530
641339
116442
2055
347344
9640
186
84059
65109
7552
25861
26580
55129
728458
10159
23133
1861
2182
6611
8573
11232
80975
6487
8575
138050
2898
5956
6323
3373
2892
7991
6197
9439
84061
55145
158866
1741
56652
5080
9459
10002
747
5631
23345
5521
10369
83696
3736
10479
24140
1813
10084
84239
55650
5456
10083
2036
93986
2033
10939
55998
170302
81704
5160
5162
10075
773
55605
611
7102
8242
8243
11141
54862
2332
2334
1282
3423
3028
11253
3425
472
6335
8910
25836
55775
26260
55777
64072
478
7466