1140
1144
1145
50484
10397
57449
1785
1786
285489
3329
121512
8988
2741
79147
2521
3798
6647
1778
4703
10585
547
283
29978
2010
6329
51062
2705
65125
55624
6444
6445
6442
6443
9420
1959
203228
9907
7443
5264
58
2318
16
203859
825
10801
5913
538
123606
6598
113278
9499
274
8139
54332
7879
4803
8565
6261
9782
6311
10558
367
10133
779
8518
1134
4620
4359
4541
4540
3315
3508
7273
7276
2273
8898
23064
1639
291
54822
10908
4625
2617
5376
335
65055
1073
8291
64221
8292
6606
6607
5339
10020
4538
4534
4535
57679
4747
859
4744
7415
6683
3897
7555
6687
9131
8106
29954
55277
390594
23435
4771
11232
7840
7169
5428
4618
19
2218
26353
1180
1103
81857
56652
64419
2733
1293
23345
59341
4763
23095
7170
3736
3735
23224
5354
3236
57716
4000
5191
22954
118813
4593
2743
9897
81846
57165
1292
1756
51324
1291
9896
79628
23503
23111
8557
9197
7138
22948
9217
26580
4154
4914
80208
5631
6335
9517
9516
79152
1760
9927