3920
1200
55343
4023
285362
7306
5824
5828
3559
3257
344
80331
348
1798
142680
1493
1497
5468
7048
4935
10195
5261
84233
291
593
594
120227
140803
56052
11136
275
4072
6389
2542
493856
80207
2548
79728
3651
525
26258
2263
1234
64421
443
5009
2760
445
6934
4351
25978
37
36
35
34
23064
640
57505
3251
4952
435
338
335
8462
64221
3291
10020
51021
255738
857
7415
2683
346171
116519
112817
55277
84823
340024
23435
91949
95
1629
5189
256297
5224
148738
56652
3636
3630
6891
6890
6898
4292
5354
1758
51151
388552
79783
9445
5538
4508
4669
85476
2538
1471
686
2717
50484
9365
5078
7389
8546
8540
8504
203228
1371
1373
6329
3939
3931
23479
5994
5264
5993
1591
10111
22845
3242
4137
5660
65266
5498
7036
6927
5251
1717
4728
9382
5255
4723
6311
51204
3667
2071
4541
4540
249
4547
164656
29929
79053
4261
2591
2592
1340
5663
4436
6928
178
175
4538
4539
30061
4535
4536
4537
4948
57104
183
9401
181
185
2110
9409
189
3081
26580
10157
2629
10019
7352
5896
5897
11232
3284
11234
138050
1509
55065
5830
3141
19
27034
84062
4650
54982
54664
4760
5213
10577
493753
4160
5195
5194
5191
5190
5193
5192
9896
2539
65125
204
779
79087
57817
5443
2235
79158
2187
9479
4306
8625
3077
5095
5096
5506
2189
3172
2521
2653
540
29978
2243
8431
7391
7390
9370
284119
6448
6569
89781
2068
2799
410
411
412
4976
3949
5395
3373
11200
10128
8443
7369
4281
4286
5091
5092
4126
4125
9526
54657
2934
54658
383
4758
1643
1729
6770
50617
8813
5972
1589
7157
57679
1586
1584
1585
56606
4247
27329
2055
3145
9131
2584
2582
2581
7299
10312
1355
2588
6521
7486
6524
7841
4683
2896
55120
2109
2108
4864
2517
1513
91869
2639
2731
10165
2632
5256
256471
9180
5053
641
79840
875
6559
4598
1244
11132
55215
10466
5836
5837
51251
440138
4000
7507
3988
351
55670
7508
3981
215
212
210
760
5476
6647
5373
283
10133
3643
2998
2990
51
2997
2395
538
2778
57192
6901
9997
6519
6261
79803
2720
6514
6517
2176
2177
2175
2073
2072
2178
427
2074
3815
3952
2203
53630
847
846
7276
7274
51422
2671
2670
149998
7421
54822
6833
6834
10555
6609
10559
1738
1636
1639
4069
5236
4744
55315
84342
84343
5860
64135
567
1594
3073
3074
229
2184
1593
2956
224
5346
5429
5428
1184
1029
51128
79796
1161
5447
23101
1201
8074
1203
6341
6340
4519
4512
4513
4514
8671
8675
1352
26119
85365
5160
5162
84572
5167
28976
9380
26503
9217
5257
1807
1806
56945
3423
25839
3425
472
6337
374291
6338
7466