10060
54862
1302
50484
2652
84623
51473
3040
6872
85300
161582
6640
3856
8492
6323
547
1261
287
8431
3762
3764
7390
5146
7399
54738
2702
64072
10653
5468
5428
5265
50674
3039
9901
2990
7401
7259
4137
4647
25953
4488
291
2778
9119
2904
140803
3778
7991
4878
4208
9856
9990
9992
8320
1859
3476
2780
6261
6662
6663
6513
3479
54714
23171
3048
2660
1013
11093
2643
9524
3952
124590
65217
3741
84295
4624
4359
55998
256076
79955
1729
79813
51185
644
54658
11216
84239
112476
3759
10142
2902
3753
60529
3757
64221
6530
10021
2055
23414
859
657
181
84059
25861
3897
6468
728458
2629
3875
1861
8575
1804
11232
80975
6487
7080
2898
5956
26580
55650
9439
55145
8831
56652
5080
558
10002
2632
10369
83696
4613
5728
1811
4160
10083
2036
93986
170302
81704
775
5167
55605
611
779
26503
1285
1286
1280
3784
1282
5443
1813
11253
6335
8910
7352
6330
6331
55777
478
80781