1302
762
2652
6121
10210
6100
10516
24
4901
6247
5148
5149
5146
5145
7399
5995
64072
6094
6010
84140
6017
4647
1406
169522
10594
346007
2074
5158
9094
6785
6261
22999
1524
54714
5961
7439
1258
1259
8754
124590
65217
4117
23418
64218
130557
114902
79955
83394
83552
1001
3614
9129
93589
83872
3000
55812
79947
7099
388939
84059
25861
375298
728458
3075
25794
5654
84100
6295
26121
92211
7401
387715
7287
10002
57096
55975
768206
84839
145226
123016
7078
718
6103
6102
24148
10083
8842
778
2978
2979
10461
26504
4508
3420
50939
1471
23020
6101