1302
50484
2652
84623
51473
3040
6872
85300
161582
8492
6323
547
1261
8431
7390
5146
7399
64072
5468
5428
50674
3039
9901
2990
4647
4137
55998
84239
2902
2904
140803
3778
7991
9856
1859
2780
6261
6663
6513
3479
54714
3048
1013
611
9524
3952
124590
65217
84295
4359
25953
79955
1729
8831
51185
644
291
112476
11093
10653
64221
6530
2055
181
84059
25861
26580
728458
2629
1861
8575
7352
11232
80975
6487
7080
2898
5956
55650
9439
55145
7401
56652
5080
10002
2632
10369
83696
1811
1813
10083
2036
93986
81704
55605
2643
26503
54862
1282
5443
4160
11253
6335
8910
55777
478