55851
55505
212
5176
210
114548
8626
1308
112744
23592
7389
3655
8546
10516
5479
1832
150094
7306
1773
9833
7051
3257
1371
26277
643418
3852
3853
10555
3858
3848
147138
7390
126410
121340
675
2707
2706
3887
672
673
11277
23569
128178
5468
7124
3643
2071
6448
4935
6794
2261
1828
149233
2990
100293534
6654
2312
10758
89781
2799
3845
411
412
10804
55024
80326
1380
5317
538
9119
3569
4893
136647
147409
11200
5498
3145
3309
9496
4282
2068
26154
4286
4041
60681
55135
79728
4049
57514
26258
368
113189
2073
2072
64175
64840
11285
64170
6583
8517
3663
3815
127534
5339
3849
64581
55806
4627
3918
23545
11005
79803
6775
284119
6772
4292
23385
5781
2161
5889
3593
9733
1075
117581
242
4948
5663
2192
4436
121391
200879
7015
5133
2200
7517
1588
857
115352
3857
3691
1290
3854
1736
9401
84343
3892
404672
147495
10913
2121
7292
9509
4277
7299
3872
1041
30008
2588
5892
84823
10161
3077
91
224
11234
2213
138050
5346
5429
100507436
27032
3889
10125
3684
5818
55651
720
721
84062
22861
10491
80271
3868
132884
4683
1289
3861
3860
3909
5290
11322
59344
4015
1896
5888
84952
26580
4920
5352
5351
4000
3373
26191
875
871
7507
81847
83990
51151
4598
23765
1294
388552
1278
3914
207
2720
208
4254
1277
7100
81794
488
4795
710
4792
1285
1643
1287
1286
1281
4669
5831
3423
4010
2235
91662
3425
4014
1493
2006
5894
7508
57152