55851
55505
212
210
114548
8626
1308
112744
5781
7389
3655
8546
10516
1832
150094
7306
9833
7051
3257
7517
26277
643418
3852
3853
3858
7390
126410
675
2707
2706
3887
672
673
5468
7124
3643
1290
4935
6794
64840
1828
149233
89781
2312
10758
10555
412
10804
3848
80326
147138
5317
538
9119
136647
147409
11200
5498
3145
9496
2068
26154
4286
55135
79728
4049
57514
26258
368
113189
2073
2072
2071
128178
11285
64170
8517
3815
127534
5339
3849
64581
55806
242
3918
23545
11005
79803
284119
6772
4292
23385
2261
2161
5889
3593
9733
1075
117581
4948
5663
2192
4436
121391
200879
7015
1371
1588
857
3857
3691
3854
1736
9401
84343
3892
404672
147495
10913
26580
9509
7299
3872
30008
5892
84823
10161
3077
91
224
11234
5346
5429
100507436
27032
3889
5818
55651
84062
22861
80271
3868
132884
4683
1289
3861
3860
3909
5290
11322
59344
1896
5888
84952
5351
4000
81847
83990
51151
4598
23765
1294
388552
1278
3914
207
208
4254
1277
488
710
4792
2121
1643
1041
1281
5831
4010
2235
91662
4015
4014
7507
2006
5894
7508
57152