55505
212
210
114548
8626
1308
7389
3655
8546
10516
1832
7306
7051
3257
1371
26277
643418
3852
3853
3858
7390
126410
2707
2706
1290
128178
1828
89781
2312
2068
412
3849
3848
80326
136647
5498
3145
26154
4286
55135
5317
57514
26258
368
2073
2072
2071
64840
11285
8517
3815
127534
10804
242
1277
23545
11005
79803
4292
9733
1075
117581
488
4948
4436
5339
7015
3857
3691
3854
1736
9401
84343
3892
404672
10913
9509
7299
3872
30008
3077
224
11234
3887
5429
4935
5184
27032
3889
5818
55651
84062
3868
132884
2235
3861
3860
3909
59344
1896
1893
5351
51151
4598
1294
388552
1278
3914
113189
3918
118429
4792
2121
1643
1281
5831
1289
91662
4015
4014
7507
2006
7508
57152